TRUE_TIME,TIME,USFLUX,MEANGAM,MEANGBT,MEANGBZ,MEANGBH,MEANJZD,TOTUSJZ,MEANJZH,TOTUSJH,ABSNJZH,SAVNCPP,MEANPOT,TOTPOT,MEANSHR,SHRGT45,R_VALUE,AREA_ACR
2011.04.14_03:24:00_TAI,53.6,4.335039e+22,40.528,72.426,83.450,42.286,0.00474363,4.139523e+13,-0.00582046,2590.310,326.568,8.660999e+12,8.092731e+03,6.030214e+23,34.361,26.472,4.645,1288.239258
2011.04.14_03:36:00_TAI,53.8,4.330834e+22,40.786,73.447,85.090,42.854,-0.01881772,4.192569e+13,-0.00547812,2600.515,308.336,8.603942e+12,8.153928e+03,6.094979e+23,34.813,27.155,4.624,1279.130371
2011.04.14_03:48:00_TAI,54.0,4.322792e+22,41.004,73.248,84.013,43.030,-0.03040455,4.317250e+13,-0.00478562,2629.291,268.545,5.925035e+12,8.128955e+03,6.057958e+23,35.093,27.716,4.616,1278.482544
2011.04.14_04:00:00_TAI,54.2,4.329856e+22,40.205,75.236,85.480,43.733,0.00241953,4.263773e+13,-0.00481619,2667.061,265.714,5.949379e+12,8.193092e+03,6.003148e+23,34.352,26.381,4.626,1282.949219
2011.04.14_04:12:00_TAI,54.4,4.284966e+22,40.644,75.319,86.335,43.985,-0.05325766,4.257626e+13,-0.00516318,2634.234,282.498,7.302343e+12,8.279049e+03,6.015773e+23,34.839,27.201,4.628,1283.609253
2011.04.14_04:24:00_TAI,54.6,4.286861e+22,40.232,76.215,86.765,44.377,-0.06765366,4.134574e+13,-0.00528191,2620.283,287.748,6.863707e+12,8.272399e+03,5.985124e+23,34.349,26.627,4.647,1280.572388
2011.04.14_04:36:00_TAI,54.8,4.197866e+22,40.771,76.724,89.094,44.802,-0.01812360,4.190267e+13,-0.00459328,2574.603,245.465,4.407031e+12,8.427856e+03,5.981308e+23,35.158,27.461,4.671,1284.079102
2011.04.14_04:48:00_TAI,55.0,4.221130e+22,40.044,77.381,87.674,45.163,-0.01210509,4.054354e+13,-0.00554077,2614.644,292.060,6.076835e+12,8.361917e+03,5.853666e+23,34.232,25.998,4.660,1281.806885
2011.04.14_05:00:00_TAI,55.2,4.194315e+22,39.753,78.696,89.869,45.727,-0.03389262,4.062179e+13,-0.00577623,2606.655,299.780,7.432828e+12,8.398017e+03,5.788710e+23,33.872,25.683,4.662,1289.663696
2011.04.14_05:12:00_TAI,55.4,4.157962e+22,39.414,78.660,89.409,45.937,0.00089769,4.027740e+13,-0.00612954,2604.262,313.906,8.572570e+12,8.427662e+03,5.732029e+23,33.865,25.350,4.652,1290.453247
2011.04.14_05:24:00_TAI,55.6,4.093729e+22,39.695,79.226,90.408,46.018,-0.05319108,4.033805e+13,-0.00645637,2597.204,326.227,8.318010e+12,8.454492e+03,5.673366e+23,33.869,25.720,4.655,1285.925293
2011.04.14_05:36:00_TAI,55.8,4.096948e+22,39.839,80.096,91.725,46.580,0.00387516,4.063718e+13,-0.00580003,2557.022,295.268,7.907150e+12,8.485319e+03,5.736761e+23,33.905,25.931,4.660,1298.100952
2011.04.14_05:48:00_TAI,56.0,4.118960e+22,39.263,80.349,90.840,46.255,-0.04622223,4.018029e+13,-0.00617471,2566.515,314.052,8.015333e+12,8.412746e+03,5.682446e+23,33.746,25.308,4.653,1298.407715
2011.04.14_06:24:00_TAI,56.6,4.171123e+22,39.168,81.298,91.754,45.914,-0.12425946,4.082616e+13,-0.00553391,2621.770,289.640,8.685506e+12,8.143275e+03,5.660378e+23,33.144,24.541,4.647,1285.462524
2011.04.14_06:36:00_TAI,56.8,4.185400e+22,39.559,79.574,88.872,45.423,-0.10404440,4.076725e+13,-0.00586913,2575.638,312.520,8.004627e+12,8.089604e+03,5.721050e+23,33.414,24.861,4.647,1292.639038
2011.04.14_06:48:00_TAI,57.0,4.220064e+22,39.598,79.819,89.807,45.238,-0.07940385,4.164456e+13,-0.00530024,2600.561,286.828,7.491439e+12,7.969654e+03,5.727666e+23,33.478,24.845,4.691,1300.485596
2011.04.14_07:00:00_TAI,57.2,4.224909e+22,39.822,79.679,90.300,45.214,-0.07574736,4.156219e+13,-0.00554597,2573.488,301.501,8.883468e+12,7.996472e+03,5.773382e+23,33.456,24.924,4.692,1293.676025
2011.04.14_07:12:00_TAI,57.4,4.251952e+22,39.755,78.827,88.772,44.790,-0.07303729,4.142947e+13,-0.00500333,2579.749,275.453,6.776463e+12,7.846270e+03,5.736733e+23,33.451,24.943,4.699,1285.815063
2011.04.14_07:24:00_TAI,57.6,4.270072e+22,39.929,77.888,86.228,44.534,-0.09418750,4.173913e+13,-0.00455001,2582.243,254.036,5.621749e+12,7.781755e+03,5.770276e+23,33.378,25.060,4.672,1289.916626
2011.04.14_07:36:00_TAI,57.8,4.305428e+22,39.743,78.301,87.299,44.618,-0.04594329,4.248461e+13,-0.00444879,2620.829,250.467,4.814229e+12,7.664878e+03,5.730944e+23,32.944,24.329,4.700,1296.039551
2011.04.14_07:48:00_TAI,58.0,4.313995e+22,39.294,78.423,87.017,44.630,-0.08929548,4.280624e+13,-0.00452581,2623.884,255.151,7.313868e+12,7.637796e+03,5.718606e+23,32.874,24.016,4.724,1295.912598
2011.04.14_08:00:00_TAI,58.2,4.322723e+22,39.629,78.368,87.055,44.875,-0.04623127,4.325090e+13,-0.00446669,2626.328,255.664,6.197704e+12,7.636653e+03,5.805377e+23,33.181,24.300,4.712,1297.671387
2011.04.14_08:12:00_TAI,58.4,4.326854e+22,39.593,77.536,85.420,44.979,-0.08365290,4.315609e+13,-0.00471854,2629.826,270.122,6.718601e+12,7.614623e+03,5.789338e+23,33.084,24.324,4.714,1284.137085
2011.04.14_08:24:00_TAI,58.6,4.336448e+22,39.679,77.912,85.925,44.864,-0.09593722,4.355934e+13,-0.00440628,2649.906,254.348,4.748513e+12,7.532410e+03,5.774548e+23,33.100,24.798,4.684,1290.361816
2011.04.14_08:36:00_TAI,58.8,4.300744e+22,39.710,76.948,84.009,44.444,-0.04690573,4.301862e+13,-0.00403386,2577.910,230.822,5.064790e+12,7.524560e+03,5.718066e+23,33.401,24.739,4.698,1300.124023
2011.04.14_08:48:00_TAI,59.0,4.294663e+22,39.568,77.770,85.289,45.002,-0.04313305,4.359168e+13,-0.00376709,2628.220,214.004,4.040229e+12,7.555028e+03,5.700383e+23,33.340,24.436,4.714,1293.230103
2011.04.14_09:00:00_TAI,59.2,4.276156e+22,39.024,78.590,86.819,45.573,-0.06264964,4.347017e+13,-0.00403539,2628.730,225.836,5.372930e+12,7.628105e+03,5.669613e+23,32.963,23.507,4.710,1294.104858
2011.04.14_09:12:00_TAI,59.4,4.214163e+22,38.918,78.597,86.546,45.440,-0.07634050,4.230258e+13,-0.00440860,2612.189,240.472,5.820326e+12,7.736046e+03,5.604056e+23,32.757,23.352,4.709,1294.374146
2011.04.14_09:24:00_TAI,59.6,4.182079e+22,38.978,78.651,86.233,45.414,-0.08913009,4.245085e+13,-0.00405249,2603.487,218.984,5.109919e+12,7.754537e+03,5.564931e+23,32.768,23.506,4.697,1290.248413
2011.04.14_09:36:00_TAI,59.8,4.141617e+22,38.724,78.046,84.917,45.719,-0.05455017,4.147964e+13,-0.00404679,2546.634,215.188,4.657371e+12,7.718733e+03,5.450976e+23,32.662,23.477,4.696,1296.976807
2011.04.14_09:48:00_TAI,60.0,4.084410e+22,38.721,79.058,86.421,46.095,-0.11090754,4.056370e+13,-0.00463063,2548.933,239.996,7.183365e+12,7.909146e+03,5.443962e+23,32.598,23.753,4.699,1296.330322
2011.04.14_10:00:00_TAI,60.2,4.062594e+22,38.659,79.049,85.698,46.332,-0.11724866,4.025933e+13,-0.00431490,2532.620,221.440,7.019012e+12,7.941389e+03,5.412578e+23,32.326,23.626,4.700,1302.046265
2011.04.14_10:12:00_TAI,60.4,4.059329e+22,38.877,78.699,85.520,45.879,-0.09721989,4.052982e+13,-0.00411010,2518.300,212.541,4.964191e+12,7.884715e+03,5.414894e+23,32.835,24.037,4.710,1297.680298
2011.04.14_10:24:00_TAI,60.6,4.029436e+22,38.657,78.157,84.823,45.604,-0.14133924,3.934282e+13,-0.00386371,2482.244,197.598,5.044068e+12,7.935994e+03,5.390036e+23,32.664,23.683,4.698,1288.329224
2011.04.14_10:36:00_TAI,60.8,3.994015e+22,38.876,78.252,85.544,45.694,-0.09851429,3.988728e+13,-0.00360804,2513.708,183.191,4.134258e+12,8.039838e+03,5.421167e+23,32.770,24.139,4.705,1288.631104
2011.04.14_10:48:00_TAI,61.0,3.979675e+22,38.674,78.303,84.869,45.769,-0.04944051,3.951190e+13,-0.00355555,2455.379,179.122,2.562011e+12,7.995198e+03,5.349445e+23,32.501,23.420,4.710,1296.061523
2011.04.14_11:00:00_TAI,61.2,3.985276e+22,39.083,78.279,85.432,45.418,-0.09449059,3.997331e+13,-0.00313901,2491.527,159.857,4.750832e+12,7.928357e+03,5.362105e+23,32.679,23.624,4.734,1306.157593
2011.04.14_11:12:00_TAI,61.4,3.974714e+22,38.804,78.406,86.468,45.751,-0.06319822,4.007279e+13,-0.00369957,2493.388,187.213,4.201337e+12,7.972595e+03,5.357930e+23,32.316,23.221,4.741,1304.911377
2011.04.14_11:24:00_TAI,61.6,3.952520e+22,38.890,77.534,83.961,44.943,-0.07372461,3.852751e+13,-0.00310334,2416.825,155.887,3.801419e+12,7.910520e+03,5.277134e+23,32.406,23.487,4.730,1303.780640
2011.04.14_11:36:00_TAI,61.8,3.945261e+22,38.852,78.009,84.574,44.795,-0.02407147,3.870412e+13,-0.00373528,2421.012,188.732,5.953021e+12,7.919977e+03,5.314681e+23,32.445,23.537,4.729,1292.360840
2011.04.14_11:48:00_TAI,62.0,3.942636e+22,39.058,78.079,84.738,44.705,-0.07819510,3.869813e+13,-0.00307471,2403.935,155.943,3.495813e+12,7.987151e+03,5.380018e+23,32.790,24.483,4.724,1300.703247
2011.04.14_12:00:00_TAI,62.2,3.930049e+22,39.058,78.400,84.586,45.082,-0.11307891,3.848997e+13,-0.00344828,2389.937,173.673,4.125100e+12,8.009712e+03,5.357452e+23,32.655,24.334,4.730,1314.255615
2011.04.14_12:12:00_TAI,62.4,3.925320e+22,39.126,77.950,84.303,44.966,-0.02545082,3.883264e+13,-0.00301259,2392.160,152.705,2.045404e+12,7.950517e+03,5.352068e+23,32.727,24.291,4.721,1310.385254
2011.04.14_12:24:00_TAI,62.6,3.918651e+22,39.151,78.596,85.264,45.181,-0.04377944,3.918040e+13,-0.00299357,2383.493,151.924,1.878428e+12,8.007854e+03,5.397684e+23,32.881,24.470,4.700,1312.839233
2011.04.14_12:36:00_TAI,62.8,3.917799e+22,38.699,78.086,83.379,44.938,-0.03159369,3.815543e+13,-0.00236241,2369.052,118.591,8.390730e+11,7.874546e+03,5.249788e+23,32.384,23.944,4.727,1311.848755
2011.04.14_12:48:00_TAI,63.0,3.926345e+22,38.728,78.522,84.393,45.098,-0.03965753,3.823915e+13,-0.00211080,2368.863,106.416,1.057742e+12,7.829481e+03,5.242206e+23,32.562,24.026,4.729,1302.471069
2011.04.14_13:00:00_TAI,63.2,3.917089e+22,38.535,78.781,84.687,44.931,-0.03497807,3.785743e+13,-0.00206608,2353.359,103.279,9.909889e+11,7.927053e+03,5.262474e+23,32.475,23.944,4.737,1312.098755
2011.04.14_13:12:00_TAI,63.4,3.899064e+22,38.776,79.224,85.599,45.556,-0.04151901,3.850923e+13,-0.00209153,2366.061,103.972,1.091855e+12,7.975129e+03,5.265054e+23,32.734,24.248,4.715,1316.960571
2011.04.14_13:24:00_TAI,63.6,3.923201e+22,38.721,78.927,85.122,45.361,-0.11692559,3.854453e+13,-0.00300717,2375.505,151.191,3.597216e+12,7.868395e+03,5.254152e+23,32.394,23.798,4.712,1326.417969
2011.04.14_13:36:00_TAI,63.8,3.911824e+22,38.678,79.169,85.323,45.309,-0.04787688,3.807125e+13,-0.00269262,2364.777,134.701,1.608204e+12,7.860556e+03,5.222506e+23,32.543,23.853,4.699,1323.286621
2011.04.14_13:48:00_TAI,64.0,3.925330e+22,38.688,79.844,86.103,45.644,-0.06034572,3.901269e+13,-0.00371728,2409.918,187.154,4.713337e+12,7.953125e+03,5.317808e+23,32.520,23.749,4.672,1318.193115
2011.04.14_14:00:00_TAI,64.2,3.925678e+22,38.737,79.390,85.298,45.799,-0.00814131,3.911605e+13,-0.00246667,2409.040,124.281,1.096296e+12,7.870675e+03,5.266441e+23,32.462,23.704,4.666,1322.700562
2011.04.14_14:12:00_TAI,64.4,3.929759e+22,38.656,80.004,85.458,45.867,-0.05228393,3.868340e+13,-0.00254477,2386.289,127.847,1.994329e+12,7.892351e+03,5.265956e+23,32.376,23.759,4.654,1319.665161
2011.04.14_14:24:00_TAI,64.6,3.959794e+22,38.625,80.583,86.107,46.283,-0.03237893,3.957516e+13,-0.00221139,2397.982,112.281,1.206305e+12,7.883341e+03,5.315851e+23,32.508,23.693,4.650,1320.014526
2011.04.14_14:36:00_TAI,64.8,3.971953e+22,38.410,80.667,86.175,45.990,-0.05360232,3.914225e+13,-0.00258389,2410.264,131.052,2.066585e+12,7.839815e+03,5.280775e+23,32.252,23.427,4.670,1326.586792
2011.04.14_14:48:00_TAI,65.0,4.025789e+22,38.251,80.923,86.338,46.385,-0.08691320,4.024002e+13,-0.00250058,2458.807,128.895,2.630972e+12,7.701837e+03,5.272322e+23,32.286,23.542,4.693,1316.283936
2011.04.14_15:00:00_TAI,65.2,4.050873e+22,38.435,81.510,87.374,46.487,-0.11824960,4.108371e+13,-0.00250597,2453.487,131.691,3.286810e+12,7.655483e+03,5.342867e+23,32.596,23.723,4.685,1328.680298
2011.04.14_15:12:00_TAI,65.4,4.089312e+22,38.635,81.279,86.155,45.897,-0.15039209,4.071795e+13,-0.00230826,2451.012,122.836,4.233133e+12,7.593376e+03,5.366684e+23,32.476,23.622,4.660,1323.992554
2011.04.14_15:24:00_TAI,65.6,4.131541e+22,38.721,80.683,85.141,45.454,-0.12912267,4.154695e+13,-0.00221325,2463.369,120.693,3.724205e+12,7.462920e+03,5.404814e+23,32.551,23.852,4.674,1325.361572
2011.04.14_15:36:00_TAI,65.8,4.151172e+22,38.980,79.849,84.433,44.998,-0.08673698,4.191819e+13,-0.00182640,2449.746,101.431,2.547676e+12,7.323039e+03,5.401054e+23,32.602,24.046,4.670,1314.773682
2011.04.14_15:48:00_TAI,66.0,4.164090e+22,39.043,80.754,85.849,45.424,-0.13725290,4.297694e+13,-0.00220370,2466.524,123.989,4.084243e+12,7.317176e+03,5.467474e+23,32.684,24.069,4.678,1310.057983
2011.04.14_16:00:00_TAI,66.2,4.191801e+22,39.390,80.143,85.433,44.855,-0.09579575,4.260383e+13,-0.00243702,2447.141,139.965,3.762910e+12,7.238307e+03,5.521107e+23,32.989,24.442,4.690,1303.806641
2011.04.14_16:12:00_TAI,66.4,4.207258e+22,39.331,79.530,84.230,44.552,-0.02529791,4.232515e+13,-0.00177454,2463.723,102.444,2.574902e+12,7.113994e+03,5.454440e+23,32.720,24.154,4.692,1322.232910
2011.04.14_16:24:00_TAI,66.6,4.210260e+22,39.431,79.770,84.640,44.469,0.01845783,4.298949e+13,-0.00151077,2468.569,87.880,1.101107e+12,7.096387e+03,5.482313e+23,32.852,24.491,4.717,1329.610718
2011.04.14_16:36:00_TAI,66.8,4.186508e+22,39.444,79.993,84.492,44.438,-0.01672198,4.239245e+13,-0.00163384,2439.697,94.251,1.715930e+12,7.179617e+03,5.500463e+23,32.858,24.631,4.723,1323.688843
2011.04.14_16:48:00_TAI,67.0,4.166218e+22,39.479,79.837,85.051,44.379,-0.02517148,4.162611e+13,-0.00178559,2408.450,102.666,2.107992e+12,7.180210e+03,5.482896e+23,32.732,24.654,4.737,1318.203247
2011.04.14_17:00:00_TAI,67.2,4.152272e+22,39.694,79.809,84.754,44.298,-0.00262913,4.099258e+13,-0.00181508,2397.175,103.948,2.308995e+12,7.219358e+03,5.490737e+23,32.837,24.968,4.741,1317.221680
2011.04.14_17:12:00_TAI,67.4,4.125546e+22,39.810,80.242,85.507,44.729,-0.05009619,4.123691e+13,-0.00234154,2394.618,132.964,4.157936e+12,7.216442e+03,5.442326e+23,32.932,25.212,4.696,1321.892944
2011.04.14_17:24:00_TAI,67.6,4.087981e+22,39.753,80.999,85.899,44.677,0.00027089,4.036087e+13,-0.00198056,2355.769,110.367,2.463977e+12,7.406982e+03,5.481655e+23,32.975,25.487,4.708,1313.188843
2011.04.14_17:36:00_TAI,67.8,4.070303e+22,39.736,81.874,87.307,45.486,-0.08281977,4.058161e+13,-0.00277059,2367.869,152.477,3.741465e+12,7.453396e+03,5.447806e+23,32.856,25.245,4.710,1311.261230
2011.04.14_17:48:00_TAI,68.0,4.052721e+22,39.527,81.894,87.406,45.388,-0.04146219,4.031445e+13,-0.00264601,2385.084,143.959,3.866516e+12,7.505979e+03,5.423736e+23,32.856,25.403,4.710,1312.232910
2011.04.14_18:24:00_TAI,68.6,3.961078e+22,39.133,83.908,89.416,46.781,-0.12713133,3.908222e+13,-0.00268386,2370.337,138.007,3.457222e+12,7.821698e+03,5.341388e+23,32.590,25.058,4.716,1315.518921
2011.04.14_18:36:00_TAI,68.8,3.944811e+22,39.140,84.034,89.434,47.191,-0.15518992,3.962770e+13,-0.00244756,2416.418,124.189,4.164463e+12,7.985327e+03,5.381014e+23,32.672,25.086,4.718,1316.166870
2011.04.14_18:48:00_TAI,69.0,3.907055e+22,39.055,84.842,90.490,47.845,-0.17642140,3.905224e+13,-0.00281102,2397.868,139.531,4.631604e+12,8.125715e+03,5.356914e+23,32.631,24.997,4.711,1314.270020
2011.04.14_19:00:00_TAI,69.2,3.926351e+22,39.361,84.824,91.115,47.755,-0.20168649,4.003990e+13,-0.00252074,2407.269,126.970,5.372908e+12,8.100125e+03,5.418680e+23,33.097,25.848,4.663,1310.439453
2011.04.14_19:12:00_TAI,69.4,3.969066e+22,39.438,84.785,90.592,47.867,-0.13250050,4.071179e+13,-0.00199579,2440.853,102.344,3.593463e+12,8.034646e+03,5.471765e+23,33.142,25.729,4.691,1310.257568
2011.04.14_19:24:00_TAI,69.6,3.945982e+22,39.276,85.726,92.112,48.553,-0.18054551,4.099522e+13,-0.00265253,2469.094,132.976,4.787281e+12,8.317832e+03,5.538249e+23,33.152,25.935,4.710,1309.457642
2011.04.14_19:36:00_TAI,69.8,4.004977e+22,39.260,84.659,90.641,48.178,-0.16763091,4.184688e+13,-0.00174987,2493.668,89.693,4.544282e+12,8.126159e+03,5.531604e+23,33.076,25.696,4.691,1311.564819
2011.04.14_19:48:00_TAI,70.0,4.087394e+22,38.919,84.635,90.364,47.503,-0.11951406,4.201448e+13,-0.00207140,2499.779,108.450,3.309529e+12,8.042682e+03,5.592378e+23,32.759,25.104,4.695,1329.251465
2011.04.14_20:00:00_TAI,70.2,4.130780e+22,38.908,83.683,89.222,47.142,-0.13343249,4.179742e+13,-0.00289394,2474.339,154.745,3.773767e+12,7.865064e+03,5.585442e+23,32.719,24.967,4.698,1325.858398
2011.04.14_20:12:00_TAI,70.4,4.179776e+22,38.998,83.280,88.667,46.795,-0.09635335,4.289469e+13,-0.00335695,2548.279,183.652,2.824681e+12,7.735999e+03,5.620666e+23,32.666,24.917,4.702,1330.050293
2011.04.14_20:24:00_TAI,70.6,4.196992e+22,39.286,83.324,89.294,46.686,-0.08312828,4.314689e+13,-0.00219274,2534.994,121.511,2.436520e+12,7.719409e+03,5.681091e+23,33.104,25.610,4.694,1317.232422
2011.04.14_20:36:00_TAI,70.8,4.256838e+22,39.014,81.967,87.712,45.683,-0.11659746,4.320369e+13,-0.00238946,2542.946,135.676,3.974274e+12,7.541630e+03,5.687270e+23,32.826,25.167,4.677,1333.543213
2011.04.14_20:48:00_TAI,71.0,4.271391e+22,39.097,81.778,87.404,45.327,-0.13208991,4.316217e+13,-0.00247278,2545.699,141.485,3.997657e+12,7.487700e+03,5.689755e+23,32.759,25.102,4.633,1328.412231
2011.04.14_21:00:00_TAI,71.2,4.254578e+22,39.501,81.715,87.592,45.384,-0.13262795,4.336630e+13,-0.00271866,2517.328,156.562,4.040126e+12,7.443333e+03,5.692817e+23,33.082,25.874,4.649,1311.568604
2011.04.14_21:12:00_TAI,71.4,4.270955e+22,39.343,82.045,87.839,45.195,-0.08084441,4.335639e+13,-0.00281059,2537.901,162.329,3.680092e+12,7.362563e+03,5.647370e+23,32.666,25.204,4.642,1303.926636
2011.04.14_21:24:00_TAI,71.6,4.260297e+22,39.247,81.663,87.660,44.931,-0.07290913,4.284534e+13,-0.00299051,2501.683,173.004,4.037017e+12,7.437917e+03,5.714652e+23,32.709,25.076,4.617,1303.921875
2011.04.14_21:36:00_TAI,71.8,4.269374e+22,38.987,81.068,86.380,44.433,-0.04860578,4.241423e+13,-0.00266082,2514.790,153.426,3.910440e+12,7.311350e+03,5.598764e+23,32.382,24.615,4.619,1309.446899
2011.04.14_21:48:00_TAI,72.0,4.251514e+22,39.027,81.143,85.369,44.348,-0.06578973,4.133964e+13,-0.00366764,2486.749,209.532,5.965186e+12,7.333683e+03,5.564250e+23,32.331,24.552,4.607,1298.520264
2011.04.14_22:00:00_TAI,72.2,4.230462e+22,39.148,81.164,85.328,44.548,-0.03694947,4.146590e+13,-0.00339990,2475.402,193.730,4.553625e+12,7.311296e+03,5.532699e+23,32.442,24.929,4.655,1290.628906
2011.04.14_22:12:00_TAI,72.4,4.210156e+22,39.142,81.477,85.990,44.634,-0.07880937,4.143823e+13,-0.00329638,2468.177,186.974,3.380580e+12,7.313067e+03,5.508885e+23,32.502,25.315,4.665,1289.084961
2011.04.14_22:24:00_TAI,72.6,4.190640e+22,39.196,81.849,86.109,44.718,-0.07341971,4.136322e+13,-0.00325340,2461.049,183.261,3.590924e+12,7.334690e+03,5.487087e+23,32.502,25.242,4.668,1270.071777
2011.04.14_22:36:00_TAI,72.8,4.175523e+22,39.083,82.795,87.870,45.437,-0.10203731,4.132478e+13,-0.00345089,2439.915,193.157,4.479266e+12,7.411806e+03,5.509538e+23,32.414,24.812,4.673,1259.313110
2011.04.14_22:48:00_TAI,73.0,4.165452e+22,39.027,83.066,88.373,45.460,-0.05582989,4.105848e+13,-0.00344882,2436.377,192.141,4.585711e+12,7.465224e+03,5.523469e+23,32.359,24.895,4.652,1265.473511
2011.04.14_23:00:00_TAI,73.2,4.134792e+22,39.108,83.655,88.813,45.771,-0.08546892,4.089555e+13,-0.00225195,2431.039,123.871,2.487507e+12,7.507271e+03,5.484291e+23,32.354,24.696,4.643,1251.385254
2011.04.14_23:12:00_TAI,73.4,4.144841e+22,38.963,83.719,88.320,45.607,-0.09721152,4.063144e+13,-0.00322667,2450.640,177.422,2.855950e+12,7.460766e+03,5.448138e+23,32.246,24.730,4.618,1249.212646
2011.04.14_23:24:00_TAI,73.6,4.137164e+22,38.845,84.260,88.312,45.816,-0.07502508,3.982003e+13,-0.00362194,2409.981,197.501,4.365449e+12,7.497062e+03,5.429244e+23,32.091,24.640,4.579,1258.519653
2011.04.14_23:36:00_TAI,73.8,4.121059e+22,38.909,83.924,87.683,45.709,-0.06194487,3.934943e+13,-0.00343116,2400.547,185.993,3.886501e+12,7.567679e+03,5.448120e+23,32.174,24.804,4.552,1253.028442
2011.04.14_23:48:00_TAI,74.0,4.118989e+22,38.893,84.153,88.144,45.629,-0.04829833,3.937921e+13,-0.00263132,2370.151,142.502,1.921427e+12,7.551156e+03,5.431112e+23,32.214,24.899,4.569,1248.061646
2011.04.15_00:00:00_TAI,74.2,4.099724e+22,39.062,84.149,88.254,45.619,-0.05042556,3.950679e+13,-0.00266692,2387.288,144.067,1.441601e+12,7.559394e+03,5.423682e+23,32.392,25.014,4.588,1238.738281
2011.04.15_00:12:00_TAI,74.4,4.084074e+22,39.216,83.655,88.056,45.589,-0.05470135,3.918931e+13,-0.00256386,2346.101,138.958,1.568957e+12,7.531650e+03,5.421283e+23,32.523,25.341,4.630,1242.496826
2011.04.15_00:24:00_TAI,74.6,4.065571e+22,39.251,83.964,88.234,45.593,-0.04289047,3.887299e+13,-0.00301902,2342.126,161.541,1.214550e+12,7.617735e+03,5.413339e+23,32.446,25.487,4.637,1237.031738
2011.04.15_00:36:00_TAI,74.8,4.061203e+22,39.103,84.345,88.614,45.586,-0.05827443,3.903260e+13,-0.00335284,2334.139,179.551,1.944939e+12,7.551508e+03,5.371193e+23,32.465,25.542,4.663,1234.904297
2011.04.15_00:48:00_TAI,75.0,4.058761e+22,39.096,84.746,88.930,45.622,-0.06272882,3.868753e+13,-0.00307583,2320.363,164.787,2.395201e+12,7.528704e+03,5.356771e+23,32.352,25.317,4.649,1232.715698
2011.04.15_01:00:00_TAI,75.2,4.072829e+22,38.983,85.181,89.404,45.611,-0.03623386,3.923203e+13,-0.00320733,2359.308,172.362,4.650013e+12,7.493712e+03,5.348296e+23,32.267,25.187,4.657,1219.803101
2011.04.15_01:12:00_TAI,75.4,4.055177e+22,39.051,85.243,89.404,45.814,-0.06455773,3.923404e+13,-0.00352804,2343.064,188.979,4.502623e+12,7.489946e+03,5.328199e+23,32.461,25.466,4.683,1229.869995
2011.04.15_01:24:00_TAI,75.6,4.066724e+22,39.217,84.887,89.136,45.621,-0.06056554,3.952341e+13,-0.00325260,2346.590,175.852,3.302305e+12,7.442159e+03,5.343623e+23,32.545,25.728,4.648,1231.812256
2011.04.15_01:36:00_TAI,75.8,4.070302e+22,39.507,84.715,89.082,45.545,-0.01782514,3.993770e+13,-0.00306470,2335.582,167.131,4.256016e+12,7.422260e+03,5.375564e+23,32.876,26.167,4.650,1242.017456
2011.04.15_01:48:00_TAI,76.0,4.109078e+22,39.329,84.539,88.624,45.326,-0.09104134,4.053843e+13,-0.00284686,2366.634,157.300,3.233985e+12,7.307210e+03,5.362111e+23,32.617,25.659,4.618,1241.464844
2011.04.15_02:00:00_TAI,76.2,4.099994e+22,39.463,84.456,88.447,45.387,-0.08281413,4.057849e+13,-0.00254327,2348.393,141.159,3.757940e+12,7.265083e+03,5.355221e+23,32.799,25.773,4.610,1244.062622
2011.04.15_02:12:00_TAI,76.4,4.076402e+22,39.428,84.031,88.125,45.213,-0.04460895,4.015304e+13,-0.00261865,2343.728,144.188,3.444762e+12,7.328585e+03,5.359400e+23,32.728,25.647,4.636,1246.130005
2011.04.15_02:24:00_TAI,76.6,4.092506e+22,39.272,84.041,88.080,45.280,-0.03365688,3.987849e+13,-0.00228064,2341.584,125.273,2.283244e+12,7.361920e+03,5.370580e+23,32.575,25.481,4.658,1240.650513
2011.04.15_02:36:00_TAI,76.8,4.090293e+22,39.376,84.033,87.989,45.474,-0.02523916,4.049840e+13,-0.00205237,2351.259,112.864,1.710412e+12,7.355609e+03,5.372326e+23,32.783,25.465,4.661,1236.506592
2011.04.15_02:48:00_TAI,77.0,4.094373e+22,39.370,84.142,88.009,45.347,-0.03818592,4.029175e+13,-0.00237306,2337.226,131.266,2.454347e+12,7.281597e+03,5.349118e+23,32.666,25.375,4.613,1235.601074
2011.04.15_03:00:00_TAI,77.2,4.090245e+22,39.348,83.909,87.784,45.371,-0.05071610,4.038146e+13,-0.00211774,2340.667,117.047,1.484084e+12,7.307011e+03,5.363711e+23,32.725,25.484,4.604,1236.943604
2011.04.15_03:12:00_TAI,77.4,4.092989e+22,39.452,83.946,88.213,45.352,-0.05020938,4.081052e+13,-0.00216731,2337.395,120.348,2.042653e+12,7.301629e+03,5.384681e+23,32.925,25.770,4.628,1248.891724
2011.04.15_03:24:00_TAI,77.6,4.089717e+22,39.485,84.640,88.786,45.641,-0.00432860,4.066674e+13,-0.00213993,2339.304,118.550,1.675256e+12,7.303723e+03,5.373616e+23,32.932,25.870,4.631,1246.772461
2011.04.15_03:36:00_TAI,77.8,4.087262e+22,39.573,85.364,89.234,46.068,0.01388232,4.131528e+13,-0.00207521,2388.624,114.360,2.033464e+12,7.347972e+03,5.378067e+23,33.017,25.831,4.637,1240.728638
2011.04.15_03:48:00_TAI,78.0,4.081133e+22,39.881,85.624,89.896,46.592,-0.01063050,4.180395e+13,-0.00194260,2386.823,107.525,1.942640e+12,7.348804e+03,5.402002e+23,33.527,26.457,4.671,1257.425049
2011.04.15_04:00:00_TAI,78.2,4.083363e+22,39.790,85.927,89.936,46.768,-0.05602725,4.241174e+13,-0.00241109,2426.825,132.964,2.633254e+12,7.384338e+03,5.408215e+23,33.496,26.340,4.662,1266.359497
2011.04.15_04:12:00_TAI,78.4,4.079728e+22,39.870,86.619,91.417,46.986,-0.02010694,4.288914e+13,-0.00166718,2433.174,91.698,1.191563e+12,7.379118e+03,5.390181e+23,33.580,26.406,4.635,1266.774536
2011.04.15_04:24:00_TAI,78.6,4.023645e+22,40.203,87.312,92.332,47.872,-0.00058824,4.272442e+13,-0.00129352,2418.154,70.111,5.997261e+11,7.555025e+03,5.438308e+23,34.124,27.313,4.638,1267.662964
2011.04.15_04:36:00_TAI,78.8,4.019263e+22,39.839,87.638,91.827,47.854,-0.05272479,4.249613e+13,-0.00222873,2445.192,118.849,3.222069e+12,7.575968e+03,5.365450e+23,33.766,26.573,4.669,1276.842773
2011.04.15_04:48:00_TAI,79.0,3.988211e+22,40.076,87.915,92.338,48.049,-0.10822111,4.249666e+13,-0.00114225,2449.217,60.434,3.031965e+12,7.606053e+03,5.344431e+23,33.958,26.859,4.632,1266.158081
2011.04.15_05:00:00_TAI,79.2,3.907728e+22,40.307,88.849,93.263,48.666,-0.09423905,4.239121e+13,-0.00148122,2450.755,76.158,2.565825e+12,7.787187e+03,5.317408e+23,34.232,27.652,4.654,1284.635132
2011.04.15_05:12:00_TAI,79.4,3.860657e+22,40.263,89.218,93.773,48.915,-0.06364077,4.214835e+13,-0.00119504,2439.293,60.316,1.700977e+12,7.844469e+03,5.258281e+23,34.002,27.321,4.641,1293.633057
2011.04.15_05:24:00_TAI,79.6,3.800505e+22,40.224,89.622,94.192,49.323,-0.08894251,4.167351e+13,-0.00060685,2438.976,29.957,2.625176e+12,7.919853e+03,5.192170e+23,34.028,27.649,4.602,1290.210815
2011.04.15_05:36:00_TAI,79.8,3.754417e+22,40.202,90.175,94.537,49.437,-0.09945780,4.079583e+13,-0.00057998,2403.657,28.089,2.550696e+12,7.973092e+03,5.128069e+23,33.966,27.572,4.643,1284.281616
2011.04.15_05:48:00_TAI,80.0,3.740047e+22,40.161,90.941,95.308,49.799,-0.07766091,4.070187e+13,-0.00047653,2376.242,23.075,2.248278e+12,7.926598e+03,5.097533e+23,33.878,27.228,4.610,1283.021484
2011.04.15_06:24:00_TAI,80.6,3.733556e+22,40.288,90.002,94.011,48.426,-0.07643776,3.985164e+13,-0.00151516,2307.739,74.937,2.002034e+12,7.662571e+03,5.033064e+23,33.936,27.382,4.681,1265.704712
2011.04.15_06:36:00_TAI,80.8,3.760980e+22,40.125,90.018,94.021,48.295,-0.07158665,4.018319e+13,-0.00119950,2305.897,60.292,1.905537e+12,7.506013e+03,5.010575e+23,33.780,26.822,4.691,1268.818848
2011.04.15_06:48:00_TAI,81.0,3.777381e+22,40.040,89.516,93.791,47.814,-0.04462067,4.036479e+13,-0.00109510,2288.833,55.811,1.204284e+12,7.351863e+03,4.976019e+23,33.726,26.828,4.697,1270.285156
2011.04.15_07:00:00_TAI,81.2,3.810438e+22,40.073,89.089,93.166,47.601,-0.03095948,4.092966e+13,-0.00107856,2303.984,56.128,8.532184e+11,7.214079e+03,4.985848e+23,33.583,26.648,4.693,1266.587646
2011.04.15_07:12:00_TAI,81.4,3.819105e+22,40.081,88.928,92.630,47.567,0.01767364,4.082821e+13,-0.00101662,2282.018,53.289,1.547795e+12,7.180655e+03,4.998891e+23,33.492,26.347,4.689,1266.393311
2011.04.15_07:24:00_TAI,81.6,3.856951e+22,40.316,88.447,92.653,47.062,0.02193073,4.132860e+13,-0.00083194,2301.361,44.765,9.357409e+11,7.086310e+03,5.064023e+23,33.673,26.430,4.680,1267.797974
2011.04.15_07:36:00_TAI,81.8,3.875017e+22,40.258,88.314,92.609,46.817,-0.02916359,4.208999e+13,-0.00067234,2336.404,36.457,2.373905e+12,7.046274e+03,5.074248e+23,33.701,26.514,4.692,1262.943115
2011.04.15_07:48:00_TAI,82.0,3.919528e+22,40.478,87.553,91.641,46.965,-0.02335417,4.399612e+13,-0.00049844,2386.489,27.790,2.778247e+12,6.852503e+03,5.073943e+23,33.944,26.753,4.693,1262.441284
2011.04.15_08:00:00_TAI,82.2,3.940151e+22,40.353,87.472,91.312,46.914,-0.00856208,4.480242e+13,-0.00025829,2415.061,14.553,3.504947e+12,6.761871e+03,5.059908e+23,33.977,26.504,4.688,1267.316528
2011.04.15_08:12:00_TAI,82.4,3.940380e+22,40.298,87.175,91.345,46.980,-0.03075795,4.531451e+13,0.00025686,2439.981,14.504,4.589041e+12,6.715896e+03,5.036387e+23,33.798,26.036,4.707,1259.590820
2011.04.15_08:24:00_TAI,82.6,3.960636e+22,40.308,87.226,91.146,46.877,-0.04279530,4.549054e+13,0.00017806,2443.321,10.112,4.061649e+12,6.694750e+03,5.048979e+23,34.051,26.183,4.743,1258.597534
2011.04.15_08:36:00_TAI,82.8,3.951486e+22,40.100,88.170,91.823,47.252,-0.01860331,4.599402e+13,0.00068469,2473.045,38.645,5.027893e+12,6.702774e+03,5.024142e+23,33.837,25.914,4.717,1247.772705
2011.04.15_08:48:00_TAI,83.0,3.932281e+22,40.308,88.450,92.676,47.697,-0.00008858,4.658902e+13,0.00061175,2485.678,34.377,5.392820e+12,6.758275e+03,5.043664e+23,33.996,26.308,4.727,1250.644409
2011.04.15_09:00:00_TAI,83.2,3.923414e+22,40.454,88.108,91.959,47.784,-0.06463576,4.640915e+13,0.00035686,2489.489,19.999,2.258254e+12,6.775408e+03,5.042772e+23,34.122,26.382,4.692,1243.353760
2011.04.15_09:12:00_TAI,83.4,3.892117e+22,40.177,88.653,92.639,48.074,-0.08503319,4.617208e+13,0.00061949,2479.845,34.015,3.183769e+12,6.894237e+03,5.027294e+23,34.095,26.158,4.649,1229.319092
2011.04.15_09:24:00_TAI,83.6,3.858276e+22,40.068,89.188,92.840,48.348,-0.10004144,4.579982e+13,0.00048297,2482.442,26.040,2.893970e+12,7.002372e+03,5.014085e+23,33.916,25.978,4.709,1238.623413
2011.04.15_09:36:00_TAI,83.8,3.822728e+22,39.911,89.703,93.423,48.740,-0.14715128,4.482277e+13,0.00057961,2473.607,30.487,4.098470e+12,7.105269e+03,4.963396e+23,33.811,26.175,4.719,1231.666870
2011.04.15_09:48:00_TAI,84.0,3.748388e+22,39.940,90.548,94.399,49.126,-0.09000058,4.317836e+13,0.00063941,2422.386,32.502,2.964285e+12,7.288935e+03,4.920552e+23,33.801,26.015,4.691,1231.032104
2011.04.15_10:00:00_TAI,84.2,3.693227e+22,40.094,90.584,94.470,49.298,-0.07258367,4.258677e+13,0.00084840,2396.819,42.156,4.663124e+12,7.420393e+03,4.896756e+23,33.868,26.200,4.653,1240.440063
2011.04.15_10:12:00_TAI,84.4,3.655860e+22,40.247,90.794,94.495,49.435,-0.10431437,4.223747e+13,-0.00073832,2398.317,36.265,2.713066e+12,7.409707e+03,4.833712e+23,33.840,26.392,4.673,1241.488525
2011.04.15_10:24:00_TAI,84.6,3.631861e+22,40.227,91.170,94.549,49.674,-0.12426249,4.161996e+13,-0.00065239,2377.538,31.659,3.192743e+12,7.509655e+03,4.839672e+23,34.025,26.870,4.658,1250.991821
2011.04.15_10:36:00_TAI,84.8,3.598999e+22,40.365,91.506,95.424,49.707,-0.07682842,4.176833e+13,-0.00005991,2392.607,2.879,1.954552e+12,7.576048e+03,4.834469e+23,34.042,26.830,4.639,1250.398682
2011.04.15_10:48:00_TAI,85.0,3.571612e+22,40.482,91.337,94.690,49.744,-0.08530540,4.137477e+13,-0.00127178,2373.760,60.302,2.141711e+12,7.563704e+03,4.763308e+23,34.135,27.191,4.604,1246.068848
2011.04.15_11:00:00_TAI,85.2,3.545674e+22,40.354,91.882,95.588,50.279,-0.13923976,4.086828e+13,0.00043337,2356.726,20.296,4.793769e+12,7.668376e+03,4.769346e+23,33.997,26.446,4.604,1243.142700
2011.04.15_11:12:00_TAI,85.4,3.521950e+22,40.548,91.686,95.417,50.444,-0.10047885,4.088917e+13,-0.00014819,2336.858,6.925,3.767417e+12,7.652478e+03,4.749091e+23,34.316,27.246,4.647,1242.212280
2011.04.15_11:24:00_TAI,85.6,3.519338e+22,40.613,91.744,95.815,50.266,-0.11359894,4.062155e+13,0.00001276,2317.722,0.596,4.170298e+12,7.657927e+03,4.753082e+23,34.275,27.048,4.632,1238.237549
2011.04.15_11:36:00_TAI,85.8,3.507736e+22,40.463,91.805,95.987,50.676,-0.14667964,4.075719e+13,0.00030262,2344.175,14.046,5.010826e+12,7.679911e+03,4.734191e+23,34.136,27.012,4.616,1232.140381
2011.04.15_11:48:00_TAI,86.0,3.488879e+22,40.626,91.453,95.004,50.778,-0.14850253,4.040324e+13,-0.00101700,2300.790,47.092,3.640373e+12,7.708957e+03,4.740734e+23,34.380,27.407,4.651,1240.792114
2011.04.15_12:00:00_TAI,86.2,3.485905e+22,40.901,91.550,95.494,50.695,-0.12364787,4.058354e+13,-0.00102456,2292.416,47.609,3.041688e+12,7.681746e+03,4.740627e+23,34.484,27.414,4.646,1248.915527
2011.04.15_12:12:00_TAI,86.4,3.509610e+22,40.830,91.406,94.261,50.933,-0.08289857,4.057109e+13,-0.00127078,2321.610,59.515,2.055286e+12,7.645937e+03,4.755695e+23,34.301,27.166,4.613,1247.687744
2011.04.15_12:24:00_TAI,86.6,3.506265e+22,41.043,91.537,95.074,50.948,-0.13635561,4.086229e+13,-0.00065904,2304.337,30.976,3.392754e+12,7.698850e+03,4.805884e+23,34.649,27.742,4.596,1260.365356
2011.04.15_12:36:00_TAI,86.8,3.510611e+22,41.029,91.120,94.682,50.686,-0.14377631,4.058356e+13,-0.00042352,2301.149,19.983,3.591009e+12,7.670479e+03,4.806511e+23,34.690,27.509,4.605,1258.329468
2011.04.15_12:48:00_TAI,87.0,3.541002e+22,40.537,90.697,94.005,50.505,-0.17768379,4.086989e+13,-0.00099373,2341.836,47.115,4.459236e+12,7.567862e+03,4.765124e+23,34.107,26.679,4.582,1259.435669
2011.04.15_13:00:00_TAI,87.2,3.546781e+22,40.657,91.364,94.572,51.008,-0.20484959,4.139737e+13,-0.00091361,2340.436,43.459,5.157905e+12,7.548739e+03,4.768821e+23,34.205,26.820,4.567,1259.286133
2011.04.15_13:12:00_TAI,87.4,3.521776e+22,41.086,91.209,94.726,50.577,-0.20208043,4.096951e+13,-0.00068197,2315.862,32.320,5.069132e+12,7.660367e+03,4.821333e+23,34.726,27.878,4.592,1267.333130
2011.04.15_13:24:00_TAI,87.6,3.540295e+22,41.079,91.326,94.864,50.761,-0.24232161,4.144509e+13,-0.00074439,2344.031,35.390,6.098059e+12,7.702772e+03,4.863674e+23,34.774,27.675,4.578,1275.899780
2011.04.15_13:36:00_TAI,87.8,3.568831e+22,40.804,91.950,95.587,51.224,-0.14521192,4.193155e+13,-0.00074968,2369.546,35.791,3.669340e+12,7.649496e+03,4.850047e+23,34.433,27.301,4.597,1285.915649
2011.04.15_13:48:00_TAI,88.0,3.547709e+22,41.200,91.656,95.950,51.715,-0.22708976,4.219927e+13,-0.00110503,2336.439,52.930,5.757047e+12,7.663544e+03,4.874934e+23,34.823,27.679,4.597,1276.384155
2011.04.15_14:00:00_TAI,88.2,3.581768e+22,41.306,92.191,96.134,51.291,-0.14770506,4.208637e+13,-0.00055709,2355.395,26.910,3.776191e+12,7.729783e+03,4.958748e+23,34.896,27.682,4.603,1286.698853
2011.04.15_14:12:00_TAI,88.4,3.627259e+22,41.578,91.499,95.286,50.816,-0.19677550,4.360333e+13,-0.00044267,2405.024,21.976,5.170161e+12,7.608773e+03,5.016522e+23,35.140,27.961,4.610,1294.947266
2011.04.15_14:24:00_TAI,88.6,3.636841e+22,41.558,92.197,95.571,50.864,-0.16100189,4.338594e+13,-0.00042523,2394.743,21.122,4.232618e+12,7.660423e+03,5.053524e+23,35.122,27.960,4.590,1290.924316
2011.04.15_14:36:00_TAI,88.8,3.681672e+22,41.277,92.782,96.541,51.155,-0.13852286,4.399408e+13,0.00005154,2416.756,2.584,5.379513e+12,7.627539e+03,5.078125e+23,34.988,27.679,4.611,1289.343872
2011.04.15_14:48:00_TAI,89.0,3.739627e+22,41.263,92.569,95.883,50.629,-0.14945105,4.505311e+13,-0.00012333,2456.217,6.335,5.506768e+12,7.480486e+03,5.102813e+23,34.957,27.663,4.574,1306.059448
2011.04.15_15:00:00_TAI,89.2,3.804062e+22,41.590,92.350,95.828,50.626,-0.11786951,4.651313e+13,-0.00013919,2499.295,7.418,3.869583e+12,7.334077e+03,5.191020e+23,35.248,27.950,4.588,1315.382568
2011.04.15_15:12:00_TAI,89.4,3.857471e+22,41.366,92.288,95.162,50.429,-0.11337789,4.675384e+13,-0.00047233,2492.195,25.582,3.249926e+12,7.208423e+03,5.185370e+23,34.926,27.440,4.646,1333.276245
2011.04.15_15:24:00_TAI,89.6,3.878413e+22,41.490,91.599,94.526,49.937,-0.12302904,4.739454e+13,-0.00095385,2504.472,52.506,3.583874e+12,7.099762e+03,5.190272e+23,34.961,27.522,4.616,1321.467041
2011.04.15_15:36:00_TAI,89.8,3.903613e+22,41.620,91.292,93.888,49.659,-0.12701659,4.738889e+13,-0.00093448,2486.894,52.501,3.776268e+12,7.040881e+03,5.253355e+23,35.083,27.651,4.583,1317.185059
2011.04.15_15:48:00_TAI,90.0,3.902124e+22,41.924,91.047,94.052,49.546,-0.15273756,4.774724e+13,-0.00116597,2501.053,65.939,4.571133e+12,7.068859e+03,5.309339e+23,35.381,28.216,4.601,1334.698486
2011.04.15_16:00:00_TAI,90.2,3.912504e+22,42.019,90.727,94.388,49.998,-0.05790160,4.893342e+13,-0.00124107,2527.265,71.135,1.756176e+12,7.033539e+03,5.353896e+23,35.351,28.145,4.601,1343.129150
2011.04.15_16:12:00_TAI,90.4,3.896897e+22,42.565,90.940,94.320,49.413,-0.09638631,4.869948e+13,-0.00105405,2516.865,60.902,2.947117e+12,7.120594e+03,5.464135e+23,35.786,29.246,4.598,1329.816406
2011.04.15_16:24:00_TAI,90.6,3.927245e+22,42.057,91.246,94.132,49.759,-0.08488301,4.888166e+13,-0.00096914,2556.437,55.864,2.589167e+12,7.062423e+03,5.406553e+23,35.289,28.327,4.606,1343.402710
2011.04.15_16:36:00_TAI,90.8,3.913340e+22,42.010,91.440,94.450,49.856,-0.00890509,4.818541e+13,-0.00096098,2539.201,54.954,1.391321e+12,7.116749e+03,5.405044e+23,35.305,28.419,4.610,1340.324097
2011.04.15_16:48:00_TAI,91.0,3.894698e+22,42.074,92.312,95.404,50.116,-0.05345852,4.751001e+13,-0.00119295,2519.546,67.613,1.603310e+12,7.125626e+03,5.363617e+23,35.267,28.455,4.609,1339.040283
2011.04.15_17:00:00_TAI,91.2,3.872833e+22,42.109,93.357,96.376,50.466,-0.01598393,4.741363e+13,-0.00114535,2523.925,64.059,5.670388e+11,7.357678e+03,5.465100e+23,35.285,28.777,4.614,1344.945312
2011.04.15_17:12:00_TAI,91.4,3.847087e+22,42.434,94.247,97.606,51.151,-0.06729221,4.811934e+13,-0.00137665,2557.022,76.014,1.966162e+12,7.498295e+03,5.498646e+23,35.630,29.679,4.653,1346.090454
2011.04.15_17:24:00_TAI,91.6,3.857919e+22,41.542,95.143,98.243,51.408,-0.12940103,4.678351e+13,-0.00139173,2572.116,74.921,3.686098e+12,7.407250e+03,5.295734e+23,34.728,28.252,4.655,1344.272339
2011.04.15_17:36:00_TAI,91.8,3.850187e+22,41.524,96.282,99.445,51.921,-0.09596776,4.735855e+13,-0.00098554,2589.331,52.573,2.708836e+12,7.498348e+03,5.312069e+23,34.814,28.341,4.673,1356.966919
2011.04.15_17:48:00_TAI,92.0,3.815195e+22,41.602,96.635,99.803,52.205,-0.02448144,4.646884e+13,-0.00118480,2569.313,61.858,6.763877e+11,7.639114e+03,5.297154e+23,34.750,28.391,4.674,1355.669922
2011.04.15_18:24:00_TAI,92.6,3.767104e+22,41.736,96.840,99.986,52.687,-0.12945984,4.568025e+13,-0.00069314,2582.189,35.172,3.476328e+12,7.854834e+03,5.293707e+23,34.966,29.196,4.597,1353.333496
2011.04.15_18:36:00_TAI,92.8,3.756286e+22,41.576,96.899,100.089,52.659,-0.13759157,4.585950e+13,-0.00052479,2582.166,26.372,3.658813e+12,7.948633e+03,5.304880e+23,35.039,29.056,4.594,1349.680298
2011.04.15_18:48:00_TAI,93.0,3.697414e+22,42.188,96.798,100.576,53.418,-0.10978306,4.549603e+13,-0.00042460,2567.099,21.009,2.874391e+12,8.188546e+03,5.380828e+23,35.693,30.146,4.595,1343.424805
2011.04.15_19:00:00_TAI,93.2,3.759577e+22,41.663,97.218,100.964,52.927,-0.14808579,4.677204e+13,-0.00041209,2653.053,20.579,3.913330e+12,8.026246e+03,5.323210e+23,35.104,29.003,4.592,1336.929443
2011.04.15_19:12:00_TAI,93.4,3.775179e+22,41.625,97.613,100.954,53.359,-0.11851810,4.640202e+13,-0.00025176,2628.298,12.599,3.138587e+12,8.056135e+03,5.354267e+23,35.223,29.206,4.591,1323.622925
2011.04.15_19:24:00_TAI,93.6,3.831124e+22,41.680,96.926,100.367,53.106,-0.18359996,4.722294e+13,-0.00038594,2661.943,19.770,4.976780e+12,7.953627e+03,5.410778e+23,35.391,29.230,4.601,1326.819458
2011.04.15_19:36:00_TAI,93.8,3.840878e+22,42.327,96.956,100.327,53.044,-0.08827430,4.807073e+13,-0.00061305,2625.930,32.147,2.449560e+12,8.104944e+03,5.644390e+23,35.830,29.880,4.603,1326.697388
2011.04.15_19:48:00_TAI,94.0,3.966773e+22,41.870,95.729,98.818,52.241,-0.05358288,4.886894e+13,-0.00069963,2694.004,38.040,1.870202e+12,7.660375e+03,5.531642e+23,35.346,28.788,4.626,1326.336548
2011.04.15_20:00:00_TAI,94.2,3.988166e+22,41.926,95.302,98.690,51.813,-0.10199986,4.932143e+13,-0.00048993,2695.968,27.037,2.978905e+12,7.628265e+03,5.590917e+23,35.478,28.894,4.589,1322.239502
2011.04.15_20:12:00_TAI,94.4,4.027578e+22,41.908,94.799,98.205,51.304,-0.10212726,4.889967e+13,-0.00060776,2656.715,34.342,3.053962e+12,7.454499e+03,5.594139e+23,35.444,28.715,4.600,1320.269409
2011.04.15_20:24:00_TAI,94.6,4.010868e+22,42.241,94.214,97.726,51.272,-0.09896009,4.864592e+13,-0.00070226,2603.423,40.028,2.985125e+12,7.458509e+03,5.645982e+23,35.715,28.979,4.578,1306.247681
2011.04.15_20:36:00_TAI,94.8,4.021962e+22,41.820,94.549,97.996,51.082,-0.08238284,4.828507e+13,-0.00083801,2606.221,47.559,2.474439e+12,7.391614e+03,5.571293e+23,35.164,28.156,4.549,1295.019897
2011.04.15_20:48:00_TAI,95.0,4.036117e+22,41.853,93.636,97.202,50.564,-0.04114911,4.828914e+13,-0.00091563,2585.211,52.719,1.253875e+12,7.285208e+03,5.570619e+23,35.168,28.063,4.494,1298.219971
2011.04.15_21:00:00_TAI,95.2,4.002369e+22,41.751,93.983,97.820,50.598,-0.07878456,4.696583e+13,-0.00108588,2513.726,61.898,2.376845e+12,7.392677e+03,5.596540e+23,35.135,28.223,4.443,1301.179810
2011.04.15_21:12:00_TAI,95.4,4.019845e+22,41.550,94.098,97.509,50.116,-0.03823012,4.716998e+13,-0.00124572,2552.972,71.081,1.154581e+12,7.295968e+03,5.529044e+23,34.785,27.936,4.483,1302.360474
2011.04.15_21:24:00_TAI,95.6,3.997818e+22,41.435,93.841,97.346,49.738,-0.06392443,4.626344e+13,-0.00120095,2508.243,67.987,1.915359e+12,7.273917e+03,5.468767e+23,34.633,28.015,4.505,1310.465698
2011.04.15_21:36:00_TAI,95.8,3.978546e+22,41.435,94.087,97.526,49.873,-0.07335351,4.574924e+13,-0.00153607,2490.319,86.257,2.180232e+12,7.340549e+03,5.474409e+23,34.643,28.173,4.523,1310.650757
2011.04.15_21:48:00_TAI,96.0,3.961959e+22,41.323,94.967,98.063,50.243,-0.09939946,4.572803e+13,-0.00164658,2512.753,91.428,2.921361e+12,7.404216e+03,5.460040e+23,34.508,27.934,4.475,1321.759277
2011.04.15_22:00:00_TAI,96.2,3.949573e+22,41.403,95.287,98.413,50.377,-0.09538504,4.556137e+13,-0.00161402,2501.995,89.088,2.786741e+12,7.469907e+03,5.475646e+23,34.635,28.227,4.476,1323.596924
2011.04.15_22:12:00_TAI,96.4,3.903389e+22,41.591,95.455,98.547,50.496,-0.08737659,4.505229e+13,-0.00156685,2466.432,85.373,2.520139e+12,7.537550e+03,5.454458e+23,34.779,28.389,4.459,1327.954956
2011.04.15_22:24:00_TAI,96.6,3.856260e+22,42.071,95.838,98.835,50.394,-0.09212020,4.496221e+13,-0.00138876,2417.171,75.321,2.644695e+12,7.740787e+03,5.575519e+23,35.142,29.003,4.495,1322.494629
2011.04.15_22:36:00_TAI,96.8,3.865734e+22,41.945,96.393,99.427,51.049,-0.10114660,4.512872e+13,-0.00157493,2425.278,85.207,2.896745e+12,7.655787e+03,5.500671e+23,35.191,28.914,4.487,1327.215332
2011.04.15_22:48:00_TAI,97.0,3.845883e+22,42.137,96.197,98.925,50.858,-0.11914972,4.497293e+13,-0.00154096,2427.971,82.973,3.396420e+12,7.758636e+03,5.548398e+23,35.146,28.993,4.501,1318.185059
2011.04.15_23:00:00_TAI,97.2,3.840766e+22,42.263,96.849,99.367,51.341,-0.11171419,4.490940e+13,-0.00145215,2429.209,77.902,3.172676e+12,7.799333e+03,5.556679e+23,35.201,29.282,4.434,1327.024414
2011.04.15_23:12:00_TAI,97.4,3.835426e+22,42.073,97.412,100.008,52.066,-0.10352907,4.531467e+13,-0.00157292,2443.665,83.857,2.922169e+12,7.697053e+03,5.449977e+23,35.125,29.184,4.385,1309.190552
2011.04.15_23:24:00_TAI,97.6,3.795696e+22,42.468,97.926,100.217,51.869,-0.12143687,4.422412e+13,-0.00154280,2397.068,81.383,3.391411e+12,7.918730e+03,5.547520e+23,35.497,29.698,4.381,1303.432495
2011.04.15_23:36:00_TAI,97.8,3.780207e+22,42.316,98.709,101.093,52.189,-0.11155110,4.424903e+13,-0.00150996,2390.666,79.104,3.093988e+12,7.939643e+03,5.523896e+23,35.333,29.602,4.410,1306.739258
2011.04.15_23:48:00_TAI,98.0,3.791965e+22,41.933,98.960,101.904,52.603,-0.05297656,4.504463e+13,-0.00153160,2458.481,79.338,1.452943e+12,7.847307e+03,5.398478e+23,35.079,28.972,4.394,1292.490112
2011.04.16_00:00:00_TAI,98.2,3.770665e+22,42.225,98.732,101.483,52.623,-0.07820998,4.456518e+13,-0.00126314,2404.127,65.620,2.151321e+12,7.901841e+03,5.451840e+23,35.306,29.421,4.413,1294.723511
2011.04.16_00:12:00_TAI,98.4,3.742809e+22,42.580,98.647,101.521,52.384,-0.11755682,4.478780e+13,-0.00116906,2403.716,60.449,3.218677e+12,8.043708e+03,5.523871e+23,35.707,30.249,4.388,1289.300781
2011.04.16_00:24:00_TAI,98.6,3.737020e+22,42.561,98.655,101.297,52.871,-0.09858821,4.475360e+13,-0.00108258,2391.928,55.807,2.774843e+12,8.107982e+03,5.550781e+23,35.663,30.142,4.390,1295.995605
2011.04.16_00:36:00_TAI,98.8,3.728066e+22,42.584,98.408,101.161,52.302,-0.12075941,4.448019e+13,-0.00109394,2388.820,56.264,3.288865e+12,8.100347e+03,5.532969e+23,35.684,30.191,4.254,1293.525635
2011.04.16_00:48:00_TAI,99.0,3.742056e+22,42.831,98.109,100.643,51.799,-0.14064066,4.424425e+13,-0.00103064,2371.373,53.658,3.877444e+12,8.032918e+03,5.554225e+23,35.879,30.584,4.303,1289.928711
2011.04.16_01:00:00_TAI,99.2,3.749501e+22,42.639,98.480,101.158,51.908,-0.11518839,4.450916e+13,-0.00100957,2385.994,52.424,3.167596e+12,8.014944e+03,5.527427e+23,35.634,30.220,4.227,1292.978027
2011.04.16_01:12:00_TAI,99.4,3.740695e+22,42.771,98.002,100.587,51.570,-0.15586284,4.400530e+13,-0.00136723,2353.185,71.294,4.304163e+12,7.964665e+03,5.515707e+23,35.795,30.493,4.247,1289.550293
2011.04.16_01:24:00_TAI,99.6,3.734930e+22,42.754,98.321,100.718,51.630,-0.10189428,4.350894e+13,-0.00151776,2316.508,79.110,2.812773e+12,7.917570e+03,5.480884e+23,35.733,30.149,4.323,1285.592896
2011.04.16_01:36:00_TAI,99.8,3.723160e+22,43.300,97.783,100.503,51.525,-0.14626518,4.410154e+13,-0.00161694,2318.858,84.826,4.064086e+12,7.951205e+03,5.540070e+23,36.251,31.076,4.367,1287.180176
2011.04.16_01:48:00_TAI,100.0,3.732941e+22,43.066,97.531,100.463,51.282,-0.12424582,4.393121e+13,-0.00161158,2304.647,85.018,3.471385e+12,7.824438e+03,5.481772e+23,35.946,30.612,4.339,1291.728027
2011.04.16_02:00:00_TAI,100.2,3.742895e+22,42.557,97.898,100.545,51.065,-0.14436311,4.373829e+13,-0.00140378,2303.268,73.889,4.024632e+12,7.822625e+03,5.468351e+23,35.495,29.800,4.351,1288.198730
2011.04.16_02:12:00_TAI,100.4,3.736388e+22,42.493,97.360,99.815,51.016,-0.14719909,4.335417e+13,-0.00095400,2271.510,50.279,4.108962e+12,7.756390e+03,5.428846e+23,35.393,29.674,4.362,1303.831055
2011.04.16_02:24:00_TAI,100.6,3.736027e+22,42.462,97.087,99.317,50.926,-0.15769060,4.328902e+13,-0.00135198,2280.907,71.283,4.403789e+12,7.737938e+03,5.418192e+23,35.371,29.847,4.344,1298.392456
2011.04.16_02:36:00_TAI,100.8,3.740921e+22,42.668,96.299,98.461,50.644,-0.11570479,4.310636e+13,-0.00130801,2269.088,69.503,3.256664e+12,7.717075e+03,5.445912e+23,35.625,30.276,4.434,1299.096069
2011.04.16_02:48:00_TAI,101.0,3.744135e+22,42.686,96.053,98.488,50.563,-0.10029860,4.346500e+13,-0.00121608,2253.896,65.280,2.852015e+12,7.658685e+03,5.460033e+23,35.553,30.079,4.422,1304.627930
2011.04.16_03:00:00_TAI,101.2,3.762219e+22,42.871,94.899,97.527,49.965,-0.10355206,4.398937e+13,-0.00091840,2276.204,50.123,2.993864e+12,7.593681e+03,5.504253e+23,35.792,30.249,4.413,1300.693237
2011.04.16_03:12:00_TAI,101.4,3.764991e+22,42.836,94.583,97.248,49.729,-0.15314968,4.381715e+13,-0.00084535,2268.948,46.158,4.429873e+12,7.568802e+03,5.488632e+23,35.908,30.415,4.386,1292.633545
2011.04.16_03:24:00_TAI,101.6,3.751518e+22,43.212,94.147,97.237,49.752,-0.08003727,4.436308e+13,-0.00100608,2281.167,55.147,2.604379e+12,7.580517e+03,5.518472e+23,36.245,30.805,4.350,1294.853516
2011.04.16_03:36:00_TAI,101.8,3.744378e+22,43.163,94.588,97.700,50.295,-0.08679871,4.500215e+13,-0.00068768,2298.990,37.547,3.866004e+12,7.599327e+03,5.510365e+23,36.250,30.806,4.360,1304.211670
2011.04.16_03:48:00_TAI,102.0,3.747372e+22,43.224,94.975,97.920,50.707,-0.12971416,4.591828e+13,-0.00088857,2335.133,48.771,3.771848e+12,7.585432e+03,5.529403e+23,36.389,30.888,4.418,1306.761108
2011.04.16_04:00:00_TAI,102.2,3.757885e+22,43.159,95.018,97.860,50.579,-0.14106089,4.599797e+13,-0.00076277,2335.411,41.989,4.583339e+12,7.590669e+03,5.549654e+23,36.417,30.953,4.347,1298.946045
2011.04.16_04:12:00_TAI,102.4,3.742529e+22,43.260,94.868,97.787,50.534,-0.14591931,4.573902e+13,-0.00077409,2318.748,42.377,4.232261e+12,7.625059e+03,5.543909e+23,36.595,31.109,4.399,1296.976562
2011.04.16_04:24:00_TAI,102.6,3.734775e+22,43.549,94.812,97.840,50.782,-0.12193061,4.630821e+13,-0.00076605,2336.739,42.049,4.485567e+12,7.680571e+03,5.599061e+23,36.974,31.573,4.378,1303.248657
2011.04.16_04:36:00_TAI,102.8,3.704412e+22,43.682,95.523,98.258,51.448,-0.09967942,4.698475e+13,-0.00053782,2355.350,29.177,4.358145e+12,7.748733e+03,5.582891e+23,37.135,31.910,4.382,1302.029297
2011.04.16_04:48:00_TAI,103.0,3.675527e+22,43.714,96.024,98.607,51.671,-0.08732785,4.686302e+13,-0.00048293,2361.932,25.776,4.826875e+12,7.836690e+03,5.555301e+23,37.156,31.693,4.289,1300.319824
2011.04.16_05:00:00_TAI,103.2,3.620103e+22,43.744,96.817,99.358,52.389,-0.14886799,4.616317e+13,-0.00058701,2341.098,30.438,4.089975e+12,7.994311e+03,5.505341e+23,37.211,31.843,4.327,1310.062012
2011.04.16_05:12:00_TAI,103.4,3.555839e+22,43.747,96.997,100.057,52.728,-0.13439432,4.597143e+13,-0.00065809,2341.848,33.181,3.590412e+12,8.129808e+03,5.444043e+23,37.236,32.138,4.286,1305.362427
2011.04.16_05:24:00_TAI,103.6,3.497467e+22,43.711,97.996,100.906,53.429,-0.11283377,4.476152e+13,-0.00024521,2317.516,11.988,6.383365e+12,8.279104e+03,5.375465e+23,37.100,32.293,4.252,1305.064575
2011.04.16_05:36:00_TAI,103.8,3.439930e+22,43.412,99.299,102.509,54.110,-0.11967888,4.368288e+13,-0.00049313,2297.183,23.266,3.900650e+12,8.500770e+03,5.326339e+23,36.838,31.823,4.269,1321.448364
2011.04.16_05:48:00_TAI,104.0,3.379128e+22,43.619,98.916,102.043,54.222,-0.10693865,4.378766e+13,-0.00062515,2282.109,29.073,4.578366e+12,8.476477e+03,5.235356e+23,36.868,31.677,4.350,1322.875122
2011.04.16_06:24:00_TAI,104.6,3.317639e+22,44.026,99.271,101.652,54.247,-0.18293659,4.204714e+13,-0.00092303,2161.203,42.385,4.459008e+12,8.495984e+03,5.181287e+23,37.116,32.401,4.285,1327.225342
2011.04.16_06:36:00_TAI,104.8,3.338451e+22,43.959,98.719,101.145,53.576,-0.15860270,4.178624e+13,-0.00081003,2163.028,37.755,3.916952e+12,8.356188e+03,5.172493e+23,36.950,32.240,4.303,1331.843750
2011.04.16_06:48:00_TAI,105.0,3.340582e+22,44.168,99.002,101.055,53.927,-0.08422433,4.226895e+13,-0.00096102,2155.145,45.289,3.591124e+12,8.258665e+03,5.168721e+23,36.996,32.267,4.357,1328.212402
2011.04.16_07:00:00_TAI,105.2,3.345024e+22,44.177,98.861,100.831,53.761,-0.10594211,4.222972e+13,-0.00071990,2137.603,34.294,4.615652e+12,8.145121e+03,5.152934e+23,37.017,32.305,4.300,1320.912354
2011.04.16_07:12:00_TAI,105.4,3.362078e+22,44.286,98.137,99.986,53.498,-0.13349126,4.233674e+13,-0.00089104,2133.495,43.206,5.471194e+12,8.045859e+03,5.181282e+23,37.099,32.046,4.345,1329.698242
2011.04.16_07:24:00_TAI,105.6,3.384790e+22,44.501,96.990,98.744,52.952,-0.06017536,4.308972e+13,-0.00063170,2129.458,31.479,5.045024e+12,7.859380e+03,5.201373e+23,37.258,32.366,4.307,1325.972534
2011.04.16_07:36:00_TAI,105.8,3.404712e+22,44.659,96.310,97.727,52.493,-0.08041019,4.380118e+13,-0.00050630,2128.628,25.776,6.091540e+12,7.675085e+03,5.189386e+23,37.256,32.462,4.352,1311.751587
2011.04.16_07:48:00_TAI,106.0,3.419347e+22,44.677,95.855,97.467,52.208,-0.03713181,4.440208e+13,-0.00044867,2143.108,23.200,6.064654e+12,7.570112e+03,5.198535e+23,37.376,32.286,4.246,1316.260620
2011.04.16_08:00:00_TAI,106.2,3.424754e+22,44.704,95.334,96.859,52.151,-0.03800273,4.460612e+13,-0.00058764,2140.896,30.651,4.612186e+12,7.518037e+03,5.207904e+23,37.373,32.223,4.278,1320.252075
2011.04.16_08:12:00_TAI,106.4,3.442180e+22,44.788,95.266,96.608,51.810,-0.03980856,4.566659e+13,-0.00091390,2174.997,48.481,3.099600e+12,7.421051e+03,5.228237e+23,37.406,32.159,4.222,1318.245483
2011.04.16_08:24:00_TAI,106.6,3.441620e+22,44.970,95.111,96.390,51.828,0.00527951,4.649153e+13,-0.00050323,2198.308,26.829,5.075818e+12,7.406702e+03,5.244096e+23,37.680,32.767,4.248,1315.483154
2011.04.16_08:36:00_TAI,106.8,3.435488e+22,45.340,94.494,95.784,51.742,0.00050080,4.653626e+13,-0.00029510,2192.567,15.797,7.380938e+12,7.443856e+03,5.292052e+23,37.965,33.227,4.383,1313.976440
2011.04.16_08:48:00_TAI,107.0,3.450250e+22,45.250,93.789,95.123,51.644,-0.02003003,4.678901e+13,-0.00068337,2202.191,36.904,6.007899e+12,7.397564e+03,5.305412e+23,37.939,33.206,4.254,1309.807129
2011.04.16_09:00:00_TAI,107.2,3.438386e+22,45.269,94.202,95.834,51.720,-0.05335943,4.603179e+13,-0.00061728,2174.656,32.982,5.537293e+12,7.464397e+03,5.296642e+23,37.921,33.207,4.253,1313.062744
2011.04.16_09:12:00_TAI,107.4,3.438160e+22,45.248,94.639,96.312,52.316,-0.01385411,4.695715e+13,-0.00030211,2201.626,16.153,5.158620e+12,7.497145e+03,5.323663e+23,38.028,33.240,4.247,1312.491821
2011.04.16_09:24:00_TAI,107.6,3.439732e+22,45.041,95.222,96.575,52.428,0.01022523,4.614294e+13,0.00007531,2189.404,3.991,6.961610e+12,7.475013e+03,5.260497e+23,37.810,32.749,4.291,1313.476807
2011.04.16_09:36:00_TAI,107.8,3.396146e+22,45.104,95.121,96.640,52.569,-0.03111270,4.653406e+13,-0.00037710,2198.827,19.614,5.053418e+12,7.633644e+03,5.272881e+23,37.911,32.969,4.270,1318.814331
2011.04.16_09:48:00_TAI,108.0,3.370826e+22,44.985,95.452,97.285,52.780,-0.00642417,4.594079e+13,-0.00009990,2175.029,5.108,5.874133e+12,7.775547e+03,5.280133e+23,37.914,32.807,4.252,1319.744507
2011.04.16_10:00:00_TAI,108.2,3.325421e+22,45.014,95.642,97.719,53.300,-0.04479839,4.509358e+13,-0.00000355,2154.962,0.177,6.078954e+12,7.986962e+03,5.282518e+23,37.949,32.924,4.304,1325.973022
2011.04.16_10:12:00_TAI,108.4,3.305542e+22,45.074,95.623,97.982,53.394,-0.04185928,4.485975e+13,-0.00012572,2159.459,6.200,5.529451e+12,8.101181e+03,5.305989e+23,37.976,33.081,4.297,1334.403687
2011.04.16_10:24:00_TAI,108.6,3.274147e+22,45.209,95.840,98.089,53.762,-0.05516676,4.446812e+13,-0.00015025,2142.606,7.298,4.594353e+12,8.214500e+03,5.299373e+23,38.110,33.431,4.353,1326.627930
2011.04.16_10:36:00_TAI,108.8,3.245787e+22,45.285,95.776,97.791,53.656,-0.06400205,4.414924e+13,-0.00016219,2137.274,7.775,5.800457e+12,8.301595e+03,5.285440e+23,37.971,33.189,4.326,1332.522583
2011.04.16_10:48:00_TAI,109.0,3.218686e+22,45.051,96.139,98.600,53.606,-0.02973742,4.369313e+13,0.00015993,2147.872,7.497,5.735954e+12,8.422280e+03,5.243379e+23,37.815,32.934,4.234,1334.806152
2011.04.16_11:00:00_TAI,109.2,3.201012e+22,45.135,95.641,98.403,53.047,-0.02147054,4.305846e+13,0.00016245,2113.565,7.570,4.902654e+12,8.462069e+03,5.236910e+23,38.054,33.371,4.254,1328.221680
2011.04.16_11:12:00_TAI,109.4,3.189098e+22,45.179,95.498,98.086,53.324,-0.04896614,4.300240e+13,0.00010043,2132.817,4.657,5.756487e+12,8.503858e+03,5.236457e+23,38.065,33.362,4.309,1332.727905
2011.04.16_11:24:00_TAI,109.6,3.167056e+22,45.399,95.063,97.681,53.372,-0.01942544,4.271049e+13,-0.00004197,2109.620,1.933,6.105002e+12,8.549736e+03,5.229283e+23,38.080,33.286,4.335,1338.763794
2011.04.16_11:36:00_TAI,109.8,3.160025e+22,45.221,95.525,97.880,53.443,-0.01017331,4.235327e+13,-0.00001721,2105.966,0.787,4.664965e+12,8.578697e+03,5.212818e+23,37.977,33.201,4.356,1329.482910
2011.04.16_11:48:00_TAI,110.0,3.138713e+22,45.510,95.704,98.479,53.847,0.00917874,4.201928e+13,0.00023734,2079.017,10.786,5.238079e+12,8.670618e+03,5.232746e+23,38.155,33.290,4.336,1328.265991
2011.04.16_12:00:00_TAI,110.2,3.118319e+22,45.563,95.701,98.350,53.969,-0.07220735,4.180118e+13,0.00011726,2086.634,5.274,4.907814e+12,8.730134e+03,5.214521e+23,38.349,33.923,4.371,1328.914673
2011.04.16_12:12:00_TAI,110.4,3.123754e+22,45.737,95.432,98.073,53.509,-0.06265510,4.207200e+13,-0.00030549,2098.680,13.879,3.466298e+12,8.651541e+03,5.220084e+23,38.553,34.493,4.375,1325.773193
2011.04.16_12:24:00_TAI,110.6,3.117872e+22,45.648,95.788,98.606,53.630,-0.02895924,4.165211e+13,-0.00003066,2080.629,1.385,3.689267e+12,8.741971e+03,5.245157e+23,38.518,34.368,4.364,1324.253540
2011.04.16_12:36:00_TAI,110.8,3.116616e+22,45.576,96.164,98.857,54.196,-0.01769751,4.230478e+13,0.00000842,2095.993,0.380,4.853178e+12,8.741989e+03,5.241454e+23,38.448,34.137,4.346,1311.630493
2011.04.16_12:48:00_TAI,111.0,3.111742e+22,45.277,96.849,99.358,54.498,-0.00968956,4.170788e+13,0.00002682,2077.227,1.200,4.387235e+12,8.789507e+03,5.224302e+23,38.255,33.531,4.337,1317.123657
2011.04.16_13:00:00_TAI,111.2,3.101245e+22,45.501,96.882,99.667,54.264,0.03870829,4.142904e+13,-0.00008986,2056.797,4.011,4.962529e+12,8.827955e+03,5.233674e+23,38.321,33.698,4.320,1303.968018
2011.04.16_13:12:00_TAI,111.4,3.112979e+22,45.516,96.362,99.047,54.031,-0.02675140,4.187115e+13,-0.00003923,2089.737,1.769,4.058442e+12,8.756128e+03,5.245046e+23,38.268,33.750,4.344,1303.582275
2011.04.16_13:24:00_TAI,111.6,3.108313e+22,45.787,96.149,98.490,54.244,-0.03838676,4.217572e+13,-0.00000014,2097.830,0.006,3.455128e+12,8.741227e+03,5.253765e+23,38.525,34.415,4.303,1298.685913
2011.04.16_13:36:00_TAI,111.8,3.125589e+22,45.524,96.010,98.657,54.155,-0.04172851,4.261478e+13,0.00018135,2098.839,8.283,4.148164e+12,8.692769e+03,5.272665e+23,38.415,34.018,4.342,1308.442017
2011.04.16_13:48:00_TAI,112.0,3.146128e+22,45.758,95.766,98.082,54.109,0.00925423,4.285223e+13,0.00024428,2114.124,11.288,3.777327e+12,8.704703e+03,5.341983e+23,38.538,34.120,4.339,1309.115356
2011.04.16_14:00:00_TAI,112.2,3.150414e+22,45.913,96.136,98.404,54.448,0.03078767,4.363663e+13,0.00009620,2110.217,4.480,3.824546e+12,8.647059e+03,5.348178e+23,38.709,34.347,4.375,1310.718018
2011.04.16_14:12:00_TAI,112.4,3.204054e+22,45.549,96.643,98.443,54.443,0.02411532,4.451828e+13,0.00077260,2157.332,36.675,7.251216e+12,8.456354e+03,5.331078e+23,38.447,33.710,4.372,1315.468506
2011.04.16_14:24:00_TAI,112.6,3.203091e+22,46.027,96.436,98.207,54.163,-0.03993281,4.480270e+13,-0.00028900,2134.574,13.946,2.969718e+12,8.429245e+03,5.402310e+23,38.876,34.269,4.345,1310.638916
2011.04.16_14:36:00_TAI,112.8,3.230614e+22,45.742,96.231,97.731,53.965,0.06911574,4.450610e+13,0.00027281,2134.123,13.285,5.462729e+12,8.285057e+03,5.358203e+23,38.681,34.098,4.292,1306.992310
2011.04.16_14:48:00_TAI,113.0,3.238234e+22,46.325,95.588,97.040,53.724,0.05079790,4.545540e+13,-0.00004256,2112.595,2.123,3.543432e+12,8.234480e+03,5.454208e+23,39.357,35.262,4.283,1314.191284
2011.04.16_15:00:00_TAI,113.2,3.253516e+22,46.425,95.875,97.249,53.793,0.00988747,4.643313e+13,-0.00017741,2133.497,8.977,3.850061e+12,8.147183e+03,5.474937e+23,39.501,35.197,4.324,1322.963867
2011.04.16_15:12:00_TAI,113.4,3.269475e+22,46.217,95.650,96.920,53.587,-0.00582284,4.590362e+13,0.00006687,2105.625,3.415,5.443757e+12,7.978583e+03,5.411543e+23,39.033,34.293,4.323,1324.362671
2011.04.16_15:24:00_TAI,113.6,3.281673e+22,45.943,95.512,96.807,53.559,-0.02013422,4.566004e+13,-0.00012539,2115.006,6.416,3.460346e+12,7.950660e+03,5.403376e+23,38.827,33.970,4.337,1330.878052
2011.04.16_15:36:00_TAI,113.8,3.266233e+22,46.548,95.422,96.356,53.701,0.04732246,4.561495e+13,-0.00014566,2102.764,7.470,4.171748e+12,8.049080e+03,5.482449e+23,39.380,35.162,4.351,1336.375854
2011.04.16_15:48:00_TAI,114.0,3.263968e+22,46.588,96.116,96.936,53.863,-0.00647121,4.572666e+13,-0.00033967,2095.730,17.424,3.263406e+12,8.051032e+03,5.484847e+23,39.395,35.192,4.327,1320.659180
2011.04.16_16:00:00_TAI,114.2,3.257046e+22,46.284,96.310,96.979,54.173,0.04870510,4.516484e+13,-0.00098179,2116.557,49.953,1.312067e+12,8.083426e+03,5.462044e+23,39.043,34.625,4.290,1318.967041
2011.04.16_16:12:00_TAI,114.4,3.248973e+22,46.317,97.011,97.667,54.377,0.03403744,4.532624e+13,-0.00065649,2113.385,33.240,2.132008e+12,8.129987e+03,5.467053e+23,39.051,34.863,4.352,1325.015869
2011.04.16_16:24:00_TAI,114.6,3.244616e+22,46.205,97.350,98.139,54.616,0.05259820,4.484283e+13,-0.00042620,2100.327,21.381,3.572860e+12,8.171382e+03,5.444102e+23,38.879,34.527,4.330,1342.524536
2011.04.16_16:36:00_TAI,114.8,3.222762e+22,46.330,97.789,98.741,54.876,-0.00556087,4.408859e+13,-0.00074335,2070.436,36.791,1.440121e+12,8.308997e+03,5.461632e+23,38.899,34.591,4.345,1330.898682
2011.04.16_16:48:00_TAI,115.0,3.206626e+22,46.393,98.294,99.367,55.452,0.04236221,4.402687e+13,-0.00075056,2087.501,36.645,1.913274e+12,8.460899e+03,5.486198e+23,39.021,34.914,4.303,1334.476685
2011.04.16_17:00:00_TAI,115.2,3.190099e+22,46.195,99.241,100.082,55.944,0.04176936,4.375900e+13,-0.00088894,2109.274,42.465,1.056447e+12,8.583194e+03,5.445464e+23,38.860,34.918,4.313,1330.401245
2011.04.16_17:12:00_TAI,115.4,3.165591e+22,46.376,99.624,100.841,56.175,0.03174891,4.296592e+13,-0.00135967,2089.293,64.124,9.249948e+11,8.697561e+03,5.447679e+23,39.142,35.668,4.211,1329.891357
2011.04.16_17:24:00_TAI,115.6,3.127917e+22,46.554,100.425,101.901,56.515,-0.01819821,4.189041e+13,-0.00102092,2060.931,46.693,1.307823e+12,8.992681e+03,5.462342e+23,39.275,36.079,4.211,1326.294556
2011.04.16_17:36:00_TAI,115.8,3.117593e+22,46.260,101.329,103.208,56.829,-0.07777973,4.124293e+13,-0.00141959,2056.124,63.667,1.846852e+12,9.181045e+03,5.468365e+23,39.162,35.530,4.250,1326.263428
2011.04.16_17:48:00_TAI,116.0,3.101932e+22,46.088,101.382,103.536,56.995,0.02365647,4.067852e+13,-0.00094210,2052.458,41.302,1.877349e+12,9.335459e+03,5.435366e+23,38.951,35.613,4.257,1331.319946
2011.04.16_18:24:00_TAI,116.6,3.077041e+22,46.223,101.794,104.483,57.653,0.02371430,4.182104e+13,-0.00108648,2130.871,46.527,5.377182e+11,9.588253e+03,5.453556e+23,39.046,35.643,4.346,1347.826660
2011.04.16_18:36:00_TAI,116.8,3.085512e+22,46.229,102.118,105.052,57.687,-0.01050089,4.170183e+13,-0.00123466,2126.593,52.849,1.444813e+12,9.632765e+03,5.476060e+23,39.090,35.773,4.270,1340.949829
2011.04.16_18:48:00_TAI,117.0,3.107615e+22,46.624,101.623,104.298,57.071,-0.03641422,4.223897e+13,-0.00142394,2120.647,62.221,9.062486e+11,9.584855e+03,5.562368e+23,39.484,36.372,4.273,1355.328003
2011.04.16_19:00:00_TAI,117.2,3.166191e+22,46.397,101.433,104.772,57.211,0.02599308,4.353826e+13,-0.00083697,2165.959,37.670,7.726837e+11,9.394146e+03,5.615376e+23,39.362,35.812,4.213,1351.779175
2011.04.16_19:12:00_TAI,117.4,3.214933e+22,46.637,100.302,103.419,56.161,0.05642578,4.481659e+13,-0.00095763,2186.241,44.705,2.124899e+12,9.177932e+03,5.690051e+23,39.522,36.131,4.288,1356.006836
2011.04.16_19:24:00_TAI,117.6,3.265902e+22,46.422,99.011,101.985,55.790,0.05513646,4.494573e+13,-0.00117951,2189.871,56.403,1.931499e+12,8.918863e+03,5.663992e+23,39.446,35.682,4.346,1357.089722
2011.04.16_19:36:00_TAI,117.8,3.288800e+22,46.761,98.461,101.053,55.171,0.04543506,4.556832e+13,-0.00159121,2156.165,78.241,1.406430e+12,8.722361e+03,5.695929e+23,39.721,35.898,4.314,1347.766357
2011.04.16_19:48:00_TAI,118.0,3.320875e+22,46.431,98.466,101.301,55.121,0.05284074,4.558126e+13,-0.00097156,2176.029,48.379,2.411575e+12,8.607582e+03,5.692307e+23,39.417,35.682,4.242,1346.125732
2011.04.16_20:00:00_TAI,118.2,3.327312e+22,46.587,97.974,100.799,54.821,0.05024514,4.552971e+13,-0.00111204,2159.272,55.990,3.174699e+12,8.500410e+03,5.684312e+23,39.397,35.380,4.189,1332.713135
2011.04.16_20:12:00_TAI,118.4,3.332343e+22,46.560,97.001,100.088,54.195,0.04249514,4.483838e+13,-0.00106416,2122.957,53.779,2.593068e+12,8.381623e+03,5.625247e+23,39.514,35.474,4.221,1338.373047
2011.04.16_20:24:00_TAI,118.6,3.288251e+22,46.877,97.430,100.190,54.225,0.08152397,4.360799e+13,-0.00101461,2056.146,50.495,2.359878e+12,8.501598e+03,5.619055e+23,39.729,35.840,4.228,1340.582642
2011.04.16_20:36:00_TAI,118.8,3.268577e+22,46.727,97.401,100.414,54.482,0.09972554,4.328639e+13,-0.00129049,2039.290,63.481,2.597744e+12,8.569278e+03,5.598466e+23,39.589,36.147,4.131,1332.290283
2011.04.16_20:48:00_TAI,119.0,3.276841e+22,46.697,97.814,100.692,54.755,0.07671137,4.328040e+13,-0.00077825,2063.004,38.188,4.202826e+12,8.552876e+03,5.573550e+23,39.503,35.884,4.158,1331.764282
2011.04.16_21:00:00_TAI,119.2,3.255253e+22,46.740,98.278,101.197,54.994,0.05079877,4.289279e+13,-0.00061023,2051.906,29.675,3.546531e+12,8.639591e+03,5.579805e+23,39.401,35.926,4.053,1342.047729
2011.04.16_21:12:00_TAI,119.4,3.251138e+22,46.387,98.932,101.809,55.198,0.04814762,4.241623e+13,-0.00070844,2062.175,33.911,3.456398e+12,8.613892e+03,5.475922e+23,39.009,35.107,4.095,1339.181519
2011.04.16_21:24:00_TAI,119.6,3.256059e+22,46.414,99.494,102.416,55.322,0.02102274,4.240962e+13,-0.00082551,2080.473,39.448,3.408323e+12,8.615039e+03,5.467499e+23,38.911,34.959,4.053,1332.998413
2011.04.16_21:36:00_TAI,119.8,3.249627e+22,46.280,99.675,102.382,55.519,0.03631042,4.230728e+13,-0.00045244,2092.944,21.458,4.472170e+12,8.667468e+03,5.459218e+23,38.937,35.182,4.049,1337.017944
2011.04.16_21:48:00_TAI,120.0,3.232738e+22,46.534,99.882,102.411,56.006,0.09817000,4.247931e+13,-0.00027808,2098.067,13.056,4.717706e+12,8.803410e+03,5.489309e+23,39.164,35.871,4.080,1332.484985
2011.04.16_22:00:00_TAI,120.2,3.212191e+22,46.759,101.024,103.216,56.571,0.07297179,4.251793e+13,-0.00067948,2101.345,31.634,3.906394e+12,8.949282e+03,5.533319e+23,39.292,36.353,4.093,1330.530518
2011.04.16_22:12:00_TAI,120.4,3.211602e+22,46.456,101.961,104.789,56.920,0.08203775,4.246661e+13,-0.00041881,2113.388,19.232,4.143923e+12,9.024850e+03,5.504057e+23,39.158,35.908,4.097,1327.384644
2011.04.16_22:24:00_TAI,120.6,3.176755e+22,46.884,102.501,105.169,57.714,0.09087572,4.219284e+13,-0.00018373,2084.195,8.322,4.571164e+12,9.265087e+03,5.573300e+23,39.538,36.450,4.045,1325.476685
2011.04.16_22:36:00_TAI,120.8,3.178105e+22,46.741,102.974,105.612,58.110,0.12345074,4.250754e+13,-0.00040863,2099.415,18.410,4.152551e+12,9.253172e+03,5.536515e+23,39.332,36.321,4.020,1332.370728
2011.04.16_22:48:00_TAI,121.0,3.178973e+22,46.858,103.159,105.453,58.167,0.07759431,4.233546e+13,-0.00069617,2121.342,31.276,3.647026e+12,9.301474e+03,5.549605e+23,39.532,36.696,3.954,1328.922241
2011.04.16_23:00:00_TAI,121.2,3.176557e+22,46.930,103.218,105.093,58.379,0.07464188,4.286766e+13,-0.00057808,2120.334,26.045,4.759011e+12,9.281215e+03,5.553542e+23,39.575,36.614,3.859,1323.733643
2011.04.16_23:12:00_TAI,121.4,3.150863e+22,46.797,104.349,106.439,59.239,0.02092856,4.249457e+13,-0.00080168,2122.962,35.398,3.988290e+12,9.449464e+03,5.541271e+23,39.372,36.319,3.878,1328.443481
2011.04.16_23:24:00_TAI,121.6,3.118670e+22,47.420,104.365,106.552,59.313,0.06210324,4.213732e+13,-0.00124132,2084.986,54.869,2.817261e+12,9.603538e+03,5.637745e+23,39.990,37.569,3.915,1328.978760
2011.04.16_23:36:00_TAI,121.8,3.151958e+22,46.775,104.684,106.622,59.461,0.14278479,4.237125e+13,-0.00040596,2145.384,17.842,5.142082e+12,9.441238e+03,5.510744e+23,39.382,36.645,3.943,1324.298950
2011.04.16_23:48:00_TAI,122.0,3.116075e+22,47.200,105.084,107.039,60.113,0.11673826,4.261670e+13,-0.00099496,2137.602,43.409,4.129123e+12,9.577063e+03,5.549199e+23,39.734,36.991,3.909,1320.615967
2011.04.17_00:00:00_TAI,122.2,3.102830e+22,47.662,105.251,107.918,60.370,0.06201236,4.285644e+13,-0.00109284,2135.130,47.720,3.959456e+12,9.761261e+03,5.660592e+23,40.095,37.787,3.877,1319.035278
2011.04.17_00:12:00_TAI,122.4,3.077356e+22,47.459,105.224,107.955,59.944,0.08154404,4.143510e+13,-0.00165888,2100.102,71.260,4.000568e+12,9.869335e+03,5.630468e+23,39.929,37.492,3.887,1313.922363
2011.04.17_00:24:00_TAI,122.6,3.091114e+22,47.305,105.869,108.513,60.205,0.12408840,4.224066e+13,-0.00095182,2130.236,41.080,5.784537e+12,9.871307e+03,5.658338e+23,40.000,37.505,3.932,1317.038940
2011.04.17_00:36:00_TAI,122.8,3.087231e+22,47.255,106.360,109.264,60.441,0.06484384,4.247596e+13,-0.00115836,2155.010,49.644,4.702400e+12,9.902889e+03,5.636854e+23,39.788,37.199,3.936,1324.123413
2011.04.17_00:48:00_TAI,123.0,3.096898e+22,47.296,106.679,109.140,60.677,-0.00960383,4.308598e+13,-0.00092641,2170.606,40.085,4.185207e+12,9.829210e+03,5.648175e+23,39.987,37.452,4.099,1328.684937
2011.04.17_01:00:00_TAI,123.2,3.100933e+22,47.095,106.862,109.271,60.521,0.07877592,4.249389e+13,-0.00110620,2161.993,47.755,5.239854e+12,9.868660e+03,5.658132e+23,39.791,37.047,3.931,1320.141602
2011.04.17_01:12:00_TAI,123.4,3.083829e+22,47.447,106.023,108.301,60.142,0.05187299,4.257634e+13,-0.00053158,2150.321,23.037,5.944052e+12,9.817735e+03,5.650445e+23,39.945,37.548,3.864,1324.604614
2011.04.17_01:24:00_TAI,123.6,3.102541e+22,47.424,105.849,108.277,60.107,0.09159113,4.338162e+13,-0.00088055,2189.503,38.678,5.059664e+12,9.727869e+03,5.675207e+23,40.115,37.734,3.843,1324.024414
2011.04.17_01:36:00_TAI,123.8,3.099271e+22,47.530,105.123,107.476,59.641,0.09365549,4.274482e+13,-0.00079012,2154.755,34.773,4.221726e+12,9.726475e+03,5.684985e+23,40.158,38.009,3.937,1336.746704
2011.04.17_01:48:00_TAI,124.0,3.107799e+22,47.278,105.195,107.372,59.511,0.07771780,4.330960e+13,-0.00082598,2161.135,36.536,3.931335e+12,9.647165e+03,5.667200e+23,40.143,37.661,3.911,1329.278076
2011.04.17_02:00:00_TAI,124.2,3.104972e+22,47.644,104.652,106.656,59.678,0.14156792,4.351161e+13,-0.00105665,2155.918,47.020,3.338447e+12,9.602311e+03,5.674770e+23,40.422,38.371,3.965,1327.540039
2011.04.17_02:12:00_TAI,124.4,3.097015e+22,47.474,103.759,105.524,59.194,0.09788164,4.277220e+13,-0.00048347,2128.591,21.475,4.590584e+12,9.483757e+03,5.595010e+23,40.238,37.798,4.041,1321.878906
2011.04.17_02:24:00_TAI,124.6,3.093912e+22,47.833,102.591,104.711,58.466,0.07351515,4.263903e+13,-0.00049240,2115.762,22.111,4.436403e+12,9.517794e+03,5.676143e+23,40.524,38.296,3.915,1324.481934
2011.04.17_02:36:00_TAI,124.8,3.087281e+22,47.970,101.945,104.028,58.270,0.08762025,4.255277e+13,-0.00043247,2105.794,19.467,3.880827e+12,9.529521e+03,5.696678e+23,40.693,38.333,3.993,1321.363403
2011.04.17_02:48:00_TAI,125.0,3.085460e+22,47.758,101.655,104.053,57.974,0.03788861,4.207023e+13,-0.00035593,2090.114,15.992,4.576675e+12,9.466595e+03,5.649001e+23,40.346,37.654,4.024,1322.647583
2011.04.17_03:00:00_TAI,125.2,3.092967e+22,47.970,100.237,102.689,57.128,0.07824765,4.212208e+13,-0.00082058,2051.490,37.652,2.519151e+12,9.299932e+03,5.667128e+23,40.722,38.474,3.987,1320.472656
2011.04.17_03:12:00_TAI,125.4,3.085044e+22,47.860,100.290,102.661,57.097,0.09398214,4.198729e+13,-0.00050672,2042.247,23.242,4.160371e+12,9.300166e+03,5.665173e+23,40.654,38.277,3.892,1320.777466
2011.04.17_03:24:00_TAI,125.6,3.093604e+22,47.560,100.168,102.148,56.807,0.13083275,4.155667e+13,-0.00017146,2037.654,7.910,4.679133e+12,9.162502e+03,5.613924e+23,40.431,37.795,4.081,1320.638428
2011.04.17_03:36:00_TAI,125.8,3.089761e+22,47.888,98.873,101.216,56.523,0.03491677,4.210332e+13,-0.00031052,2054.626,14.390,2.820074e+12,9.138211e+03,5.624162e+23,40.550,37.902,4.108,1323.425903
2011.04.17_03:48:00_TAI,126.0,3.084995e+22,47.783,98.927,101.603,56.349,0.10239607,4.220705e+13,0.00014701,2049.194,6.830,6.064206e+12,9.050616e+03,5.584675e+23,40.370,37.400,4.090,1325.299683
2011.04.17_04:00:00_TAI,126.2,3.099563e+22,47.738,98.877,101.629,56.259,0.10249201,4.272101e+13,-0.00024852,2061.159,11.678,3.582312e+12,8.961146e+03,5.592187e+23,40.531,37.789,4.111,1324.181030
2011.04.17_04:12:00_TAI,126.4,3.093141e+22,47.780,98.637,101.799,56.305,0.17302115,4.298350e+13,0.00016546,2059.539,7.774,4.537144e+12,8.987750e+03,5.608429e+23,40.576,37.661,4.133,1333.660889
2011.04.17_04:24:00_TAI,126.6,3.144737e+22,47.196,99.003,101.204,56.319,0.09614368,4.383046e+13,-0.00001959,2137.909,0.928,3.832297e+12,8.734371e+03,5.496139e+23,39.934,36.387,4.167,1339.838135
2011.04.17_04:36:00_TAI,126.8,3.105346e+22,48.001,99.282,102.037,56.677,0.10037621,4.423616e+13,-0.00088695,2094.388,42.032,2.521632e+12,8.939278e+03,5.626145e+23,40.613,37.494,4.058,1335.901001
2011.04.17_04:48:00_TAI,127.0,3.107134e+22,47.869,99.564,102.369,56.783,0.10638893,4.443015e+13,0.00031857,2132.316,15.045,5.550111e+12,8.898974e+03,5.581514e+23,40.403,37.457,4.125,1332.452271
2011.04.17_05:00:00_TAI,127.2,3.081575e+22,48.260,99.846,102.933,57.150,0.12743966,4.462571e+13,0.00010879,2107.159,5.110,5.037009e+12,9.063746e+03,5.654046e+23,41.018,38.410,4.191,1341.525513
2011.04.17_05:12:00_TAI,127.4,3.066213e+22,48.096,101.210,103.963,57.784,0.07853752,4.497561e+13,0.00050531,2140.508,23.334,7.793767e+12,9.168981e+03,5.623131e+23,40.706,37.851,4.183,1340.293823
2011.04.17_05:24:00_TAI,127.6,3.032551e+22,48.053,102.328,105.442,58.726,0.14176007,4.470097e+13,0.00016125,2147.856,7.238,6.469057e+12,9.386605e+03,5.595662e+23,40.668,37.870,4.201,1338.276123
2011.04.17_05:36:00_TAI,127.8,2.979714e+22,48.077,103.319,106.930,59.206,0.13440879,4.333831e+13,-0.00019383,2121.447,8.401,4.802754e+12,9.668143e+03,5.564737e+23,40.548,37.850,4.138,1335.926025
2011.04.17_05:48:00_TAI,128.0,2.936983e+22,47.876,104.349,107.815,59.791,0.22235192,4.271131e+13,0.00056288,2118.785,23.556,7.004357e+12,9.883726e+03,5.493375e+23,40.226,37.586,4.115,1336.733521
2011.04.17_06:24:00_TAI,128.6,2.817660e+22,48.052,105.530,109.050,60.863,0.16343662,3.957778e+13,-0.00054345,2043.312,21.198,4.436715e+12,1.040994e+04,5.392528e+23,40.343,38.335,4.108,1346.221558
2011.04.17_06:36:00_TAI,128.8,2.807632e+22,48.332,105.118,108.207,61.280,0.08472534,3.952318e+13,-0.00014467,2027.130,5.666,4.789952e+12,1.035483e+04,5.385980e+23,40.594,38.692,4.119,1344.768555
2011.04.17_06:48:00_TAI,129.0,2.798104e+22,48.212,105.436,108.274,61.369,0.03551406,3.916244e+13,-0.00029220,2002.973,11.419,4.142935e+12,1.031921e+04,5.355805e+23,40.507,38.420,4.127,1352.211914
2011.04.17_07:00:00_TAI,129.2,2.790113e+22,48.334,105.027,107.571,61.651,0.04344476,3.937512e+13,-0.00000047,1999.854,0.019,4.079057e+12,1.029688e+04,5.362267e+23,40.609,38.681,4.140,1352.294556
2011.04.17_07:12:00_TAI,129.4,2.791452e+22,48.713,104.058,106.154,61.288,0.05739220,3.982645e+13,-0.00004065,1984.172,1.623,5.967274e+12,1.014636e+04,5.378609e+23,40.971,39.275,4.110,1358.720825
2011.04.17_07:24:00_TAI,129.6,2.807000e+22,48.710,103.527,105.253,60.816,0.06605731,4.022633e+13,-0.00039773,1979.767,16.205,4.947851e+12,9.952488e+03,5.385275e+23,40.880,38.852,4.146,1347.710449
2011.04.17_07:36:00_TAI,129.8,2.797222e+22,48.669,103.268,104.722,60.777,0.14862588,4.012937e+13,0.00029024,1957.216,11.895,6.519431e+12,9.859975e+03,5.366773e+23,40.894,38.685,4.202,1340.018555
2011.04.17_07:48:00_TAI,130.0,2.808832e+22,49.065,102.108,103.342,60.322,0.10598657,4.116712e+13,0.00017558,1966.831,7.394,6.487547e+12,9.688471e+03,5.418561e+23,41.328,39.451,4.107,1342.008911
2011.04.17_08:00:00_TAI,130.2,2.806862e+22,49.093,100.692,101.782,59.804,0.06949876,4.063462e+13,0.00046825,1927.020,19.965,6.923347e+12,9.542936e+03,5.403702e+23,41.352,39.272,4.062,1344.298584
2011.04.17_08:12:00_TAI,130.4,2.821793e+22,49.071,99.669,100.544,59.116,0.05498025,4.072388e+13,0.00029733,1913.551,12.918,6.100204e+12,9.340312e+03,5.389442e+23,41.342,39.219,4.166,1341.554199
2011.04.17_08:24:00_TAI,130.6,2.809619e+22,49.339,99.138,99.818,59.042,0.06438504,4.150819e+13,0.00035880,1924.675,15.719,7.119856e+12,9.324460e+03,5.425247e+23,41.608,39.755,4.125,1339.096313
2011.04.17_08:36:00_TAI,130.8,2.814270e+22,49.353,98.509,99.177,59.141,0.10222023,4.151346e+13,0.00019795,1910.515,8.750,4.560454e+12,9.254155e+03,5.432272e+23,41.686,39.486,4.086,1339.669312
2011.04.17_08:48:00_TAI,131.0,2.823974e+22,49.200,98.857,99.322,58.968,0.06561717,4.172302e+13,-0.00026553,1944.006,11.788,4.066270e+12,9.195562e+03,5.421812e+23,41.491,38.951,4.200,1344.567017
2011.04.17_09:00:00_TAI,131.2,2.824691e+22,49.482,97.970,98.539,58.405,0.22127847,4.238329e+13,0.00051411,1924.208,23.128,6.703119e+12,9.134753e+03,5.457776e+23,41.723,39.645,4.162,1343.175415
2011.04.17_09:12:00_TAI,131.4,2.829570e+22,49.421,98.111,98.804,58.221,0.10973626,4.249995e+13,-0.00026688,1945.866,11.982,5.672903e+12,9.096534e+03,5.423827e+23,41.725,39.118,4.091,1351.547729
2011.04.17_09:24:00_TAI,131.6,2.826646e+22,49.613,97.945,98.688,58.077,0.06281792,4.295526e+13,-0.00050688,1934.019,23.034,3.517040e+12,9.013238e+03,5.439638e+23,42.051,39.490,4.078,1344.254517
2011.04.17_09:36:00_TAI,131.8,2.832016e+22,49.491,98.591,99.370,58.571,0.07143106,4.291215e+13,-0.00028924,1931.283,13.089,6.526957e+12,9.052290e+03,5.440725e+23,41.789,39.119,4.102,1333.013794
2011.04.17_09:48:00_TAI,132.0,2.824254e+22,49.881,97.865,98.986,58.096,0.10898969,4.326237e+13,-0.00030802,1922.092,13.977,5.451313e+12,9.003482e+03,5.425860e+23,42.158,39.883,4.028,1326.242188
2011.04.17_10:00:00_TAI,132.2,2.826963e+22,49.469,98.743,99.932,58.242,0.08210781,4.256090e+13,-0.00058202,1906.849,26.175,3.145649e+12,9.048528e+03,5.404456e+23,41.877,39.238,4.121,1334.621704
2011.04.17_10:12:00_TAI,132.4,2.815753e+22,49.073,99.980,101.129,58.999,0.10314639,4.257970e+13,-0.00041779,1937.439,18.433,6.551557e+12,9.200557e+03,5.391155e+23,41.428,38.647,4.067,1328.019165
2011.04.17_10:24:00_TAI,132.6,2.805601e+22,49.396,99.786,100.687,59.305,0.07646015,4.264178e+13,-0.00026338,1922.710,11.634,6.511858e+12,9.210264e+03,5.402714e+23,41.797,39.067,4.116,1332.266846
2011.04.17_10:36:00_TAI,132.8,2.763805e+22,49.764,99.727,101.171,59.413,0.17500840,4.198810e+13,-0.00000089,1892.506,0.038,7.868940e+12,9.424338e+03,5.424534e+23,41.822,39.247,4.127,1326.124634
2011.04.17_10:48:00_TAI,133.0,2.761277e+22,49.637,99.253,100.810,59.094,0.17566542,4.212609e+13,-0.00018159,1913.087,7.817,7.079626e+12,9.484671e+03,5.422228e+23,41.758,39.090,4.002,1329.959106
2011.04.17_11:00:00_TAI,133.2,2.751338e+22,49.460,99.442,100.750,59.305,0.25894848,4.136563e+13,0.00001455,1881.518,0.620,6.305963e+12,9.571910e+03,5.413119e+23,41.638,39.041,4.056,1326.395630
2011.04.17_11:12:00_TAI,133.4,2.729928e+22,49.444,100.004,101.205,59.271,0.15364188,4.070627e+13,-0.00038810,1856.938,16.291,6.715493e+12,9.707320e+03,5.411570e+23,41.675,39.086,4.099,1321.800659
2011.04.17_11:24:00_TAI,133.6,2.714689e+22,49.702,99.828,101.343,59.053,0.21660845,4.068774e+13,-0.00040194,1851.109,16.799,5.937242e+12,9.776195e+03,5.426467e+23,41.942,39.707,4.003,1326.360840
2011.04.17_11:36:00_TAI,133.8,2.702562e+22,49.488,100.335,101.899,59.597,0.14801338,4.001922e+13,-0.00013115,1843.024,5.381,7.220378e+12,9.880159e+03,5.383665e+23,41.650,38.976,4.049,1328.498901
2011.04.17_11:48:00_TAI,134.0,2.694393e+22,49.693,99.636,101.422,59.056,0.19698936,3.992040e+13,-0.00011339,1843.361,4.658,8.282743e+12,9.841144e+03,5.368417e+23,41.782,39.485,4.097,1330.815063
2011.04.17_12:00:00_TAI,134.2,2.672384e+22,49.775,100.205,101.938,59.602,0.20600493,3.962184e+13,-0.00063783,1840.275,25.803,6.599062e+12,9.953287e+03,5.347508e+23,41.771,39.622,4.127,1324.102661
2011.04.17_12:12:00_TAI,134.4,2.675014e+22,49.825,99.995,101.604,59.740,0.19912499,3.944438e+13,-0.00035657,1836.604,14.445,5.752191e+12,9.992108e+03,5.376060e+23,41.869,39.656,4.171,1320.813965
2011.04.17_12:24:00_TAI,134.6,2.664999e+22,50.175,98.809,100.494,58.895,0.15222792,3.991346e+13,-0.00024071,1836.933,9.847,6.236585e+12,9.959606e+03,5.411348e+23,42.411,40.548,4.078,1322.290039
2011.04.17_12:36:00_TAI,134.8,2.652128e+22,50.179,99.638,101.128,59.651,0.16150485,3.952653e+13,-0.00070596,1823.510,28.536,4.181261e+12,1.005256e+04,5.396304e+23,42.269,40.308,4.054,1323.207153
2011.04.17_12:48:00_TAI,135.0,2.669893e+22,50.005,99.169,100.704,58.959,0.11091493,4.003154e+13,-0.00046328,1824.948,19.055,6.668024e+12,9.883929e+03,5.399371e+23,42.121,40.037,4.066,1324.982300
2011.04.17_13:00:00_TAI,135.2,2.675047e+22,50.082,98.758,99.941,58.918,0.12218904,3.998620e+13,-0.00030327,1797.703,12.563,6.704791e+12,9.841649e+03,5.414308e+23,42.229,40.282,4.107,1328.620117
2011.04.17_13:12:00_TAI,135.4,2.667150e+22,50.339,97.493,99.056,58.463,0.09816926,3.984540e+13,-0.00042287,1793.003,17.615,6.883793e+12,9.799619e+03,5.421509e+23,42.273,40.300,4.149,1327.023804
2011.04.17_13:24:00_TAI,135.6,2.673484e+22,50.300,97.773,98.941,58.435,0.10213365,3.930310e+13,-0.00005217,1785.910,2.178,7.276459e+12,9.768697e+03,5.415431e+23,42.422,40.704,4.129,1324.949097
2011.04.17_13:36:00_TAI,135.8,2.681390e+22,50.683,96.969,98.240,58.107,0.16594125,4.033405e+13,0.00001842,1782.085,0.784,8.027647e+12,9.605472e+03,5.430948e+23,42.551,40.891,4.097,1324.522583
2011.04.17_13:48:00_TAI,136.0,2.701931e+22,50.309,97.794,98.718,58.285,0.09574760,4.054914e+13,0.00000147,1792.422,0.063,8.607015e+12,9.558887e+03,5.440156e+23,42.239,40.678,4.115,1332.565918
2011.04.17_14:00:00_TAI,136.2,2.709384e+22,50.800,96.789,97.775,57.913,0.13859104,4.146490e+13,0.00013228,1806.712,5.798,7.383153e+12,9.455940e+03,5.504258e+23,42.746,41.359,4.120,1336.077881
2011.04.17_14:12:00_TAI,136.4,2.710084e+22,50.675,96.906,97.820,57.802,0.12552026,4.035513e+13,0.00025479,1793.702,11.111,7.205725e+12,9.488559e+03,5.495394e+23,42.614,41.250,4.099,1322.690063
2011.04.17_14:24:00_TAI,136.6,2.721880e+22,50.816,96.210,96.590,57.615,0.10942241,4.131267e+13,0.00000129,1815.246,0.057,7.073496e+12,9.313348e+03,5.494971e+23,42.770,41.671,4.076,1324.850708
2011.04.17_14:36:00_TAI,136.8,2.706144e+22,51.041,96.143,96.401,58.081,0.14524135,4.081704e+13,0.00009144,1776.843,4.036,6.333480e+12,9.424548e+03,5.525285e+23,43.085,42.043,4.010,1316.026611
2011.04.17_14:48:00_TAI,137.0,2.705538e+22,51.040,95.793,95.857,57.828,0.08135909,4.094485e+13,-0.00008997,1778.304,4.003,6.684522e+12,9.376397e+03,5.540764e+23,43.190,42.020,4.023,1320.980103
2011.04.17_15:00:00_TAI,137.2,2.688456e+22,51.510,95.214,95.486,57.798,0.08007975,4.076119e+13,-0.00009972,1774.052,4.422,6.356910e+12,9.428711e+03,5.552894e+23,43.424,42.615,4.113,1330.324951
2011.04.17_15:12:00_TAI,137.4,2.678913e+22,51.594,94.713,94.693,57.889,0.07485965,4.041678e+13,0.00012713,1762.798,5.626,5.956572e+12,9.467335e+03,5.563947e+23,43.593,42.684,4.082,1332.384888
2011.04.17_15:24:00_TAI,137.6,2.672305e+22,51.409,95.385,95.473,58.471,0.07542427,4.011906e+13,-0.00004062,1775.726,1.776,5.420057e+12,9.591595e+03,5.569082e+23,43.459,42.527,4.003,1329.268188
2011.04.17_15:36:00_TAI,137.8,2.671374e+22,51.380,95.515,95.881,58.268,0.05957373,3.986892e+13,-0.00013758,1757.214,5.989,5.920372e+12,9.665597e+03,5.588045e+23,43.460,42.540,4.055,1332.188477
2011.04.17_15:48:00_TAI,138.0,2.648594e+22,51.377,95.972,96.621,58.817,0.05182204,3.947114e+13,-0.00019516,1763.558,8.296,5.509683e+12,9.866052e+03,5.569636e+23,43.405,42.700,4.149,1332.550293
2011.04.17_16:00:00_TAI,138.2,2.628625e+22,51.570,96.179,96.575,58.998,0.11244533,3.859423e+13,-0.00018397,1721.554,7.699,4.946652e+12,9.993794e+03,5.554283e+23,43.348,42.613,4.024,1327.716431
2011.04.17_16:12:00_TAI,138.4,2.623255e+22,51.594,96.583,96.396,59.325,0.08522575,3.884451e+13,0.00002686,1744.030,1.117,4.189177e+12,1.001949e+04,5.534766e+23,43.315,42.844,4.103,1325.556763
2011.04.17_16:24:00_TAI,138.6,2.618239e+22,51.574,96.848,97.037,59.941,0.12544046,3.803524e+13,-0.00018083,1726.953,7.415,5.105178e+12,1.016804e+04,5.537828e+23,43.372,43.211,4.085,1333.808228
2011.04.17_16:36:00_TAI,138.8,2.622859e+22,51.291,98.258,98.659,60.887,0.09995017,3.799768e+13,-0.00020413,1723.689,8.254,5.566333e+12,1.034923e+04,5.557622e+23,43.150,42.618,4.128,1334.264893
2011.04.17_16:48:00_TAI,139.0,2.614433e+22,51.404,99.523,100.166,61.314,0.10843263,3.783688e+13,-0.00018513,1727.017,7.359,5.304434e+12,1.051124e+04,5.549000e+23,43.146,42.691,3.974,1337.451904
2011.04.17_17:00:00_TAI,139.2,2.606957e+22,51.241,100.354,100.952,61.690,0.17060186,3.757384e+13,-0.00061416,1746.591,24.003,4.550650e+12,1.064344e+04,5.524647e+23,42.917,42.587,3.951,1330.932373
2011.04.17_17:12:00_TAI,139.4,2.617905e+22,51.165,100.881,101.768,61.642,0.05936797,3.805302e+13,-0.00034732,1771.052,13.548,5.499448e+12,1.069310e+04,5.539350e+23,42.960,42.738,4.086,1330.443481
2011.04.17_17:24:00_TAI,139.6,2.596856e+22,50.931,101.827,103.206,61.898,0.09493888,3.712257e+13,-0.00063120,1756.742,23.992,5.791665e+12,1.088600e+04,5.495288e+23,42.665,42.198,3.915,1332.054688
2011.04.17_17:36:00_TAI,139.8,2.592124e+22,50.893,101.971,103.419,61.734,0.07707915,3.776445e+13,-0.00018222,1795.365,6.884,6.325313e+12,1.104005e+04,5.539474e+23,42.536,41.980,4.079,1333.450806
2011.04.17_17:48:00_TAI,140.0,2.587923e+22,50.706,101.985,103.846,61.380,0.13815910,3.687224e+13,-0.00008738,1771.421,3.258,6.147519e+12,1.113478e+04,5.513364e+23,42.391,41.640,4.160,1332.399170
2011.04.17_18:24:00_TAI,140.6,2.638767e+22,50.806,101.382,103.851,60.488,0.17178470,3.833696e+13,-0.00022752,1807.524,8.790,6.355625e+12,1.090208e+04,5.593893e+23,42.548,41.901,4.045,1336.338867
2011.04.17_18:36:00_TAI,140.8,2.666939e+22,50.822,101.212,103.742,60.111,0.22675279,3.931897e+13,0.00004014,1845.739,1.587,6.309319e+12,1.072073e+04,5.629834e+23,42.631,41.857,4.070,1338.107788
2011.04.17_18:48:00_TAI,141.0,2.715649e+22,51.105,101.021,103.293,59.671,0.21912329,4.072685e+13,-0.00057572,1861.779,23.799,5.883087e+12,1.038482e+04,5.701543e+23,42.909,42.067,4.090,1342.340332
2011.04.17_19:00:00_TAI,141.2,2.740863e+22,51.268,99.911,101.928,59.037,0.20671442,4.153384e+13,-0.00039316,1876.566,16.701,6.429942e+12,1.017178e+04,5.738444e+23,42.901,42.079,4.150,1347.435547
2011.04.17_19:12:00_TAI,141.4,2.758594e+22,51.820,98.314,100.360,58.446,0.23324816,4.224117e+13,-0.00033744,1869.780,14.835,7.409732e+12,9.935261e+03,5.800948e+23,43.547,43.321,4.085,1346.452271
2011.04.17_19:24:00_TAI,141.6,2.760349e+22,52.098,97.183,98.894,58.085,0.17895621,4.234766e+13,-0.00026771,1851.587,11.969,6.028034e+12,9.808987e+03,5.824268e+23,43.989,43.912,4.089,1340.622559
2011.04.17_19:36:00_TAI,141.8,2.754254e+22,52.062,96.283,97.830,57.725,0.15296192,4.141610e+13,-0.00030036,1822.971,13.434,4.695708e+12,9.727969e+03,5.778100e+23,44.107,44.174,4.079,1344.360718
2011.04.17_19:48:00_TAI,142.0,2.736682e+22,51.907,96.145,97.561,57.878,0.18286638,4.045776e+13,-0.00029457,1806.648,13.035,4.286928e+12,9.735996e+03,5.721582e+23,43.789,43.931,4.006,1335.592163
2011.04.17_20:00:00_TAI,142.2,2.726340e+22,51.952,96.160,97.440,57.847,0.18218461,3.955876e+13,-0.00018738,1790.715,8.212,5.492789e+12,9.803635e+03,5.706257e+23,43.838,44.093,4.036,1336.818970
2011.04.17_20:12:00_TAI,142.4,2.715976e+22,51.998,96.340,97.699,57.964,0.20125864,3.896043e+13,-0.00017093,1765.397,7.425,5.334606e+12,9.888082e+03,5.704854e+23,43.910,44.189,4.076,1340.264282
2011.04.17_20:24:00_TAI,142.6,2.721298e+22,52.207,96.624,97.896,58.578,0.17157403,3.927886e+13,0.00028088,1776.776,12.240,7.360717e+12,9.927756e+03,5.745673e+23,44.070,44.574,4.149,1337.226562
2011.04.17_20:36:00_TAI,142.8,2.699965e+22,52.213,97.699,99.300,59.462,0.17311145,3.881193e+13,-0.00028750,1778.912,12.213,5.238486e+12,1.014997e+04,5.726276e+23,43.927,44.208,4.097,1335.861816
2011.04.17_20:48:00_TAI,143.0,2.709209e+22,51.995,98.404,99.949,59.491,0.18456618,3.905493e+13,0.00013685,1789.151,5.822,7.347029e+12,1.011862e+04,5.716785e+23,43.755,44.036,4.053,1332.753418
2011.04.17_21:00:00_TAI,143.2,2.696407e+22,51.948,99.269,100.815,60.302,0.18395789,3.917644e+13,-0.00001955,1785.425,0.818,5.585887e+12,1.029829e+04,5.724060e+23,43.615,44.045,3.956,1331.486938
2011.04.17_21:12:00_TAI,143.4,2.693790e+22,51.800,99.614,101.149,60.853,0.09909595,3.890555e+13,-0.00023081,1788.279,9.556,4.677679e+12,1.034975e+04,5.690815e+23,43.340,43.543,4.004,1331.920654
2011.04.17_21:24:00_TAI,143.6,2.677864e+22,52.133,99.553,100.789,61.113,0.14739981,3.885104e+13,-0.00022469,1783.687,9.233,4.643298e+12,1.045732e+04,5.707461e+23,43.621,44.478,4.071,1332.716919
2011.04.17_21:36:00_TAI,143.8,2.688514e+22,52.422,100.081,101.119,61.393,0.11867620,3.942336e+13,-0.00051237,1795.443,21.186,3.356345e+12,1.048699e+04,5.759172e+23,43.849,45.306,4.022,1334.905640
2011.04.17_21:48:00_TAI,144.0,2.688224e+22,52.522,100.342,101.436,61.495,0.15198579,3.920170e+13,-0.00031306,1811.581,12.875,3.563301e+12,1.050993e+04,5.740364e+23,43.758,45.182,3.922,1341.806396
2011.04.17_22:00:00_TAI,144.2,2.696458e+22,51.976,101.861,102.830,62.235,0.08991606,3.926134e+13,-0.00028289,1820.931,11.516,2.324785e+12,1.054715e+04,5.702705e+23,43.566,44.703,3.916,1346.357910
2011.04.17_22:12:00_TAI,144.4,2.680999e+22,52.350,101.798,102.738,62.266,0.13308133,3.942699e+13,-0.00019806,1833.006,8.018,2.854994e+12,1.065763e+04,5.730025e+23,43.704,45.025,4.007,1350.395020
2011.04.17_22:24:00_TAI,144.6,2.676230e+22,52.469,102.918,103.895,62.648,0.13854548,3.956080e+13,-0.00029948,1866.669,12.005,3.389915e+12,1.083820e+04,5.770399e+23,43.840,44.904,4.024,1352.161743
2011.04.17_22:36:00_TAI,144.8,2.676464e+22,52.295,103.621,104.864,63.175,0.13373621,3.960168e+13,-0.00028143,1864.003,11.182,4.779481e+12,1.096858e+04,5.787812e+23,43.787,44.693,4.184,1355.150391
2011.04.17_22:48:00_TAI,145.0,2.681359e+22,52.011,104.558,105.917,63.654,0.15442792,3.944064e+13,0.00003590,1868.215,1.416,5.588096e+12,1.106563e+04,5.796698e+23,43.552,44.290,4.060,1362.501709
2011.04.17_23:00:00_TAI,145.2,2.692149e+22,51.888,105.560,107.320,63.975,0.18849374,4.016307e+13,0.00060621,1914.938,23.924,5.766270e+12,1.108421e+04,5.809227e+23,43.383,43.815,3.990,1363.231079
2011.04.17_23:12:00_TAI,145.4,2.704628e+22,51.624,106.607,108.119,64.374,0.16662808,4.062290e+13,0.00018804,1916.265,7.448,3.839653e+12,1.098192e+04,5.776768e+23,43.043,43.594,3.946,1359.816528
2011.04.17_23:24:00_TAI,145.6,2.699502e+22,51.618,106.858,108.821,64.722,0.20271431,4.035088e+13,-0.00026000,1914.525,10.199,4.214775e+12,1.099417e+04,5.727727e+23,43.086,43.435,3.945,1357.270508
2011.04.17_23:36:00_TAI,145.8,2.713087e+22,51.585,106.439,108.342,64.344,0.21124570,4.048581e+13,-0.00037640,1921.502,14.963,4.450966e+12,1.087412e+04,5.740855e+23,42.972,43.403,3.955,1356.701538
2011.04.17_23:48:00_TAI,146.0,2.701625e+22,51.901,105.650,107.487,64.164,0.18934317,4.053880e+13,-0.00025910,1899.087,10.336,4.037194e+12,1.085330e+04,5.749901e+23,43.336,43.949,4.085,1355.291504
2011.04.18_00:00:00_TAI,146.2,2.723617e+22,51.567,106.231,107.713,64.342,0.19150856,4.137359e+13,-0.00018013,1958.482,7.220,4.507128e+12,1.078359e+04,5.740033e+23,42.932,43.090,4.051,1359.635620
2011.04.18_00:12:00_TAI,146.4,2.711189e+22,51.841,106.342,108.218,64.782,0.21131770,4.093400e+13,0.00010195,1939.612,4.071,6.023266e+12,1.089673e+04,5.778263e+23,43.203,43.420,4.018,1365.020874
2011.04.18_00:24:00_TAI,146.6,2.709572e+22,51.808,106.108,107.942,64.324,0.17982620,4.105690e+13,0.00024762,1944.951,9.887,4.001288e+12,1.080939e+04,5.732378e+23,43.114,43.314,4.028,1354.295288
2011.04.18_00:36:00_TAI,146.8,2.713400e+22,52.087,106.238,107.987,64.457,0.20946375,4.180606e+13,0.00026711,1966.415,10.760,5.320009e+12,1.077817e+04,5.766062e+23,43.393,43.552,3.986,1358.666138
2011.04.18_00:48:00_TAI,147.0,2.709245e+22,51.912,107.014,108.352,65.185,0.13579482,4.203707e+13,-0.00025752,1989.525,10.270,3.283221e+12,1.088757e+04,5.766608e+23,43.193,43.320,3.999,1363.064453
2011.04.18_01:00:00_TAI,147.2,2.715279e+22,51.921,107.023,108.530,65.064,0.15623713,4.169013e+13,0.00045756,1977.019,18.267,5.382405e+12,1.088693e+04,5.772199e+23,43.015,43.025,3.941,1364.616333
2011.04.18_01:12:00_TAI,147.4,2.698413e+22,52.112,107.376,108.544,65.355,0.14920764,4.160994e+13,0.00008492,1967.476,3.361,5.457736e+12,1.099252e+04,5.777812e+23,43.317,43.549,3.873,1369.358154
2011.04.18_01:24:00_TAI,147.6,2.716320e+22,51.641,107.116,108.393,65.205,0.24827372,4.118714e+13,0.00010028,1958.958,3.976,5.219359e+12,1.092215e+04,5.751561e+23,42.999,43.163,4.108,1367.411743
2011.04.18_01:36:00_TAI,147.8,2.695487e+22,52.288,105.597,106.721,64.833,0.15224797,4.139131e+13,-0.00033368,1965.994,13.299,3.217053e+12,1.095419e+04,5.797822e+23,43.564,44.560,3.979,1366.757568
2011.04.18_01:48:00_TAI,148.0,2.693784e+22,52.370,106.442,107.146,65.328,0.11285762,4.120231e+13,-0.00028037,1962.792,11.096,3.145165e+12,1.106446e+04,5.815779e+23,43.793,44.706,4.003,1371.753418
2011.04.18_02:00:00_TAI,148.2,2.691724e+22,52.112,106.856,108.111,65.040,0.09409665,4.003573e+13,-0.00033469,1925.023,13.147,2.358668e+12,1.109393e+04,5.787508e+23,43.448,44.041,3.974,1368.373901
2011.04.18_02:12:00_TAI,148.4,2.684767e+22,52.275,106.602,107.829,65.226,0.12319421,3.961799e+13,-0.00025364,1908.830,9.968,2.653338e+12,1.103699e+04,5.760736e+23,43.465,43.932,3.985,1369.223999
2011.04.18_02:24:00_TAI,148.6,2.692041e+22,52.425,105.634,106.754,65.015,0.09500821,4.002844e+13,-0.00033512,1915.972,13.351,2.105232e+12,1.090618e+04,5.770673e+23,43.441,43.926,3.953,1375.260132
2011.04.18_02:36:00_TAI,148.8,2.686830e+22,52.604,104.453,105.883,64.563,0.09830596,3.999068e+13,-0.00045195,1898.899,18.105,2.440025e+12,1.090530e+04,5.801778e+23,43.704,44.266,3.801,1382.531860
2011.04.18_02:48:00_TAI,149.0,2.704389e+22,52.670,103.543,104.769,64.120,0.06474594,4.029123e+13,-0.00026437,1911.973,10.756,3.146110e+12,1.074878e+04,5.808010e+23,43.646,44.444,4.006,1377.019287
2011.04.18_03:00:00_TAI,149.2,2.704341e+22,52.968,102.720,103.792,63.410,0.11460974,4.075880e+13,-0.00006540,1920.303,2.704,3.032185e+12,1.060894e+04,5.824733e+23,43.997,44.933,4.058,1372.187744
2011.04.18_03:12:00_TAI,149.4,2.689500e+22,52.822,102.188,103.214,62.902,0.13913459,3.965607e+13,-0.00022717,1870.765,9.346,3.168626e+12,1.058630e+04,5.784184e+23,43.946,44.609,3.939,1369.252686
2011.04.18_03:24:00_TAI,149.6,2.686522e+22,52.863,101.245,101.894,62.156,0.04407531,3.974421e+13,-0.00051698,1861.736,21.516,2.267174e+12,1.040524e+04,5.751449e+23,44.066,44.891,3.997,1373.589111
2011.04.18_03:36:00_TAI,149.8,2.691922e+22,52.860,100.354,100.672,61.688,0.08589884,4.008102e+13,-0.00030247,1841.566,12.788,2.873968e+12,1.020079e+04,5.728257e+23,44.086,44.863,4.088,1365.873901
2011.04.18_03:48:00_TAI,150.0,2.697373e+22,52.369,100.834,101.401,61.554,0.16545150,3.948600e+13,0.00001464,1834.525,0.618,3.703542e+12,1.019723e+04,5.715830e+23,43.631,43.948,3.994,1367.456909
2011.04.18_04:00:00_TAI,150.2,2.687786e+22,52.515,99.830,100.427,60.988,0.13279839,3.888606e+13,0.00021504,1807.557,9.094,3.988833e+12,1.014692e+04,5.699216e+23,43.692,44.206,4.123,1371.851807
2011.04.18_04:12:00_TAI,150.4,2.696019e+22,52.658,99.490,100.108,61.164,0.13706796,3.972985e+13,0.00026131,1832.725,11.228,4.108623e+12,1.003433e+04,5.726061e+23,43.888,44.353,4.148,1372.612549
2011.04.18_04:24:00_TAI,150.6,2.698391e+22,52.875,98.647,99.264,60.656,0.16195628,4.047588e+13,0.00009198,1847.388,3.999,3.734351e+12,9.944475e+03,5.741484e+23,44.255,44.295,4.125,1379.049683
2011.04.18_04:36:00_TAI,150.8,2.704426e+22,52.682,98.224,99.243,59.768,0.15681843,3.951429e+13,0.00001765,1806.527,0.768,3.621435e+12,9.908798e+03,5.729569e+23,44.032,43.966,4.215,1382.396606
2011.04.18_04:48:00_TAI,151.0,2.711104e+22,52.577,98.196,99.214,59.409,0.19907284,3.973033e+13,0.00007694,1809.271,3.373,4.628656e+12,9.819292e+03,5.716546e+23,43.896,43.582,4.186,1387.082153
2011.04.18_05:00:00_TAI,151.2,2.724815e+22,52.630,98.417,99.552,59.286,0.15935506,4.033098e+13,-0.00020163,1848.788,8.900,3.731093e+12,9.777822e+03,5.732137e+23,43.858,43.472,4.194,1387.033813
2011.04.18_05:12:00_TAI,151.4,2.716594e+22,52.794,98.778,99.777,59.758,0.15590413,4.098056e+13,0.00021355,1854.684,9.423,3.776547e+12,9.790932e+03,5.737743e+23,43.969,43.882,4.208,1384.621582
2011.04.18_05:24:00_TAI,151.6,2.724743e+22,52.763,99.512,100.741,60.020,0.17434137,4.118885e+13,0.00012707,1853.699,5.595,4.072278e+12,9.811460e+03,5.738046e+23,43.784,43.686,4.091,1395.998169
2011.04.18_05:36:00_TAI,151.8,2.716558e+22,52.843,99.868,101.112,60.087,0.15699157,4.217278e+13,0.00017345,1909.820,7.614,3.655400e+12,9.829080e+03,5.730075e+23,43.935,44.010,4.113,1394.306152
2011.04.18_05:48:00_TAI,152.0,2.706517e+22,52.343,102.249,103.396,61.367,0.11827295,4.175397e+13,-0.00032535,1915.965,13.920,2.684262e+12,1.002856e+04,5.698530e+23,43.565,43.653,4.158,1395.164185
2011.04.18_06:24:00_TAI,152.6,2.597493e+22,52.215,103.592,105.178,62.834,0.24230205,3.937581e+13,-0.00026718,1864.694,10.467,5.035027e+12,1.072188e+04,5.578179e+23,43.060,43.033,4.123,1393.648438
2011.04.18_06:36:00_TAI,152.8,2.558301e+22,52.468,103.625,105.499,63.100,0.25654823,3.889687e+13,-0.00058480,1877.453,22.329,5.195947e+12,1.099805e+04,5.576824e+23,43.322,43.641,4.216,1392.883179
2011.04.18_06:48:00_TAI,153.0,2.521509e+22,52.520,103.955,105.766,63.731,0.14841108,3.773510e+13,-0.00079290,1842.251,29.452,2.924183e+12,1.126861e+04,5.558828e+23,43.427,44.154,4.158,1388.634644
2011.04.18_07:00:00_TAI,153.2,2.497934e+22,52.697,103.551,104.902,64.037,0.14996889,3.690997e+13,-0.00128426,1806.324,47.039,2.913671e+12,1.142296e+04,5.556388e+23,43.508,44.541,4.170,1379.695312
2011.04.18_07:12:00_TAI,153.4,2.499961e+22,52.904,103.364,104.023,64.466,0.10348114,3.770337e+13,-0.00106857,1817.652,39.634,2.036006e+12,1.130503e+04,5.568838e+23,43.674,44.934,4.102,1385.833862
2011.04.18_07:24:00_TAI,153.6,2.486595e+22,53.286,101.946,102.500,64.133,0.18699612,3.767712e+13,-0.00110596,1791.368,41.425,3.715668e+12,1.123195e+04,5.587732e+23,44.150,45.558,4.134,1380.485229
2011.04.18_07:36:00_TAI,153.8,2.489786e+22,53.524,101.310,101.575,63.859,0.10524397,3.778667e+13,-0.00130909,1773.771,49.647,2.117235e+12,1.110662e+04,5.594115e+23,44.335,45.710,4.237,1378.621338
2011.04.18_07:48:00_TAI,154.0,2.492562e+22,53.693,101.136,100.817,64.163,0.11381887,3.851994e+13,-0.00142353,1790.375,54.762,2.322511e+12,1.096906e+04,5.603934e+23,44.431,46.261,4.248,1382.618652
2011.04.18_08:00:00_TAI,154.2,2.479883e+22,53.944,100.269,99.826,63.858,0.08290973,3.803771e+13,-0.00099629,1747.691,38.517,1.976181e+12,1.092435e+04,5.608945e+23,44.641,46.341,4.139,1388.516235
2011.04.18_08:12:00_TAI,154.4,2.487315e+22,53.803,99.631,99.057,63.334,0.05020009,3.823194e+13,-0.00105414,1748.888,41.263,2.090215e+12,1.084599e+04,5.638284e+23,44.604,46.439,4.223,1388.104614
2011.04.18_08:24:00_TAI,154.6,2.483020e+22,53.708,99.151,98.590,63.564,0.08983562,3.839255e+13,-0.00104683,1768.782,41.012,2.468924e+12,1.087183e+04,5.656771e+23,44.580,46.137,4.339,1384.848511
2011.04.18_08:36:00_TAI,154.8,2.482002e+22,54.009,98.253,97.477,63.115,0.14741549,3.855627e+13,-0.00091395,1759.727,36.291,3.104838e+12,1.078979e+04,5.689886e+23,44.604,46.250,4.317,1390.497314
2011.04.18_08:48:00_TAI,155.0,2.485477e+22,54.058,97.856,97.226,62.953,0.09004699,3.927370e+13,-0.00065315,1775.933,26.271,3.767877e+12,1.068786e+04,5.709374e+23,44.688,46.246,4.220,1389.020264
2011.04.18_09:00:00_TAI,155.2,2.497730e+22,53.925,96.760,96.544,62.355,0.10091128,3.967447e+13,-0.00053076,1790.440,21.676,5.495787e+12,1.054681e+04,5.720450e+23,44.673,45.498,4.306,1394.280518
2011.04.18_09:12:00_TAI,155.4,2.497563e+22,54.018,95.912,95.793,61.981,0.12370283,4.016101e+13,-0.00055958,1790.549,23.073,5.510974e+12,1.049629e+04,5.747828e+23,44.901,45.695,4.295,1397.697510
2011.04.18_09:24:00_TAI,155.6,2.504675e+22,54.018,96.073,96.036,61.559,0.13393894,3.996228e+13,-0.00044261,1787.220,18.306,4.173957e+12,1.044506e+04,5.737390e+23,44.855,45.480,4.284,1403.376465
2011.04.18_09:36:00_TAI,155.8,2.515630e+22,53.676,96.727,97.005,61.567,0.14839067,4.002988e+13,-0.00022978,1794.765,9.516,4.277052e+12,1.044496e+04,5.744550e+23,44.456,44.735,4.309,1402.861328
2011.04.18_09:48:00_TAI,156.0,2.528036e+22,53.557,96.741,97.166,61.687,0.14589523,4.059226e+13,0.00000464,1804.759,0.193,6.101692e+12,1.038382e+04,5.746916e+23,44.305,44.795,4.246,1404.889160
2011.04.18_10:00:00_TAI,156.2,2.532195e+22,53.589,97.598,97.661,62.082,0.13032696,4.107121e+13,0.00023815,1826.051,9.961,4.280797e+12,1.032897e+04,5.737823e+23,44.436,45.131,4.286,1397.031860
2011.04.18_10:12:00_TAI,156.4,2.553283e+22,53.395,97.841,97.601,62.173,0.12007368,4.151140e+13,0.00024042,1830.950,10.192,5.272802e+12,1.020178e+04,5.743715e+23,44.271,44.586,4.310,1401.449463
2011.04.18_10:24:00_TAI,156.6,2.550633e+22,53.563,97.171,97.076,61.738,0.15459746,4.177314e+13,0.00016831,1816.923,7.153,4.967209e+12,1.016603e+04,5.738032e+23,44.403,44.801,4.309,1401.581665
2011.04.18_10:36:00_TAI,156.8,2.560209e+22,53.491,97.189,97.555,61.611,0.15551722,4.209229e+13,0.00009057,1831.920,3.865,5.944051e+12,1.018490e+04,5.772358e+23,44.389,44.648,4.276,1408.322388
2011.04.18_10:48:00_TAI,157.0,2.562025e+22,53.231,97.325,97.841,61.387,0.20057598,4.180939e+13,0.00037504,1824.712,15.921,5.717231e+12,1.019670e+04,5.748573e+23,44.100,44.418,4.321,1408.270996
2011.04.18_11:00:00_TAI,157.2,2.566447e+22,53.115,97.350,97.840,61.273,0.21075851,4.142344e+13,0.00004707,1820.592,2.004,6.044075e+12,1.015387e+04,5.739669e+23,44.095,44.451,4.281,1397.977295
2011.04.18_11:12:00_TAI,157.4,2.557965e+22,53.236,97.161,97.714,60.951,0.15672852,4.127095e+13,0.00035818,1804.881,15.166,5.903057e+12,1.021457e+04,5.743724e+23,44.198,44.723,4.248,1400.396973
2011.04.18_11:24:00_TAI,157.6,2.552653e+22,53.295,97.586,98.051,61.255,0.20315799,4.102494e+13,0.00014589,1797.799,6.142,5.466292e+12,1.031661e+04,5.768495e+23,44.249,44.859,4.187,1394.799683
2011.04.18_11:36:00_TAI,157.8,2.541165e+22,53.111,98.315,98.926,61.886,0.20287950,4.101419e+13,-0.00023812,1809.605,9.875,4.461750e+12,1.048529e+04,5.775088e+23,44.066,44.559,4.224,1387.924683
2011.04.18_11:48:00_TAI,158.0,2.542109e+22,53.190,98.187,98.786,61.782,0.17244612,4.082947e+13,-0.00017840,1805.486,7.417,3.801788e+12,1.042905e+04,5.758379e+23,44.129,44.733,4.230,1383.506958
2011.04.18_12:00:00_TAI,158.2,2.525043e+22,53.461,97.574,98.357,61.336,0.14095925,4.036006e+13,-0.00076693,1790.974,31.766,3.095816e+12,1.047707e+04,5.763046e+23,44.299,44.950,4.237,1375.697510
2011.04.18_12:12:00_TAI,158.4,2.516214e+22,53.612,97.106,97.909,61.453,0.17584960,4.050655e+13,-0.00079623,1792.871,32.968,3.860701e+12,1.047311e+04,5.758922e+23,44.300,45.079,4.315,1383.232056
2011.04.18_12:24:00_TAI,158.6,2.511454e+22,53.395,97.692,98.519,61.745,0.13486369,4.013317e+13,-0.00098247,1801.492,40.287,2.932416e+12,1.056915e+04,5.756007e+23,44.106,44.696,4.214,1385.808228
2011.04.18_12:36:00_TAI,158.8,2.510958e+22,53.332,97.793,98.484,61.885,0.13789682,4.058719e+13,-0.00082837,1809.122,34.090,4.207957e+12,1.053233e+04,5.756234e+23,44.142,44.580,4.245,1383.359619
2011.04.18_12:48:00_TAI,159.0,2.515550e+22,53.240,98.271,98.885,61.960,0.17918462,4.047248e+13,-0.00025709,1800.288,10.566,4.633471e+12,1.059254e+04,5.781967e+23,44.039,44.407,4.198,1388.554443
2011.04.18_13:00:00_TAI,159.2,2.506787e+22,53.178,98.204,98.676,62.131,0.13681713,4.008075e+13,-0.00013958,1792.775,5.696,5.170696e+12,1.065007e+04,5.771792e+23,44.096,44.344,4.197,1391.346924
2011.04.18_13:12:00_TAI,159.4,2.519167e+22,53.110,98.990,99.123,62.611,0.15553623,3.992581e+13,-0.00048504,1795.920,19.819,4.011475e+12,1.070645e+04,5.809876e+23,44.118,44.713,4.183,1399.879883
2011.04.18_13:24:00_TAI,159.6,2.516602e+22,53.392,97.952,98.280,62.063,0.23189636,3.992669e+13,-0.00021114,1784.284,8.722,5.078691e+12,1.065531e+04,5.845522e+23,44.327,45.085,4.079,1395.065308
2011.04.18_13:36:00_TAI,159.8,2.528327e+22,53.420,97.753,98.149,61.805,0.14076300,4.034857e+13,-0.00012205,1798.483,5.098,4.883586e+12,1.052455e+04,5.837665e+23,44.370,45.185,4.075,1395.327271
2011.04.18_13:48:00_TAI,160.0,2.512182e+22,53.634,98.125,98.156,62.203,0.16444525,4.032226e+13,-0.00011823,1805.196,4.903,4.493397e+12,1.057764e+04,5.826513e+23,44.496,45.541,4.169,1391.736694
2011.04.18_14:00:00_TAI,160.2,2.505139e+22,53.821,97.031,97.142,61.506,0.21097763,3.954925e+13,-0.00010008,1760.950,4.161,4.649906e+12,1.051259e+04,5.804227e+23,44.698,45.954,4.188,1393.118286
2011.04.18_14:12:00_TAI,160.4,2.490739e+22,53.805,97.247,97.082,61.875,0.19829054,3.952335e+13,-0.00011485,1757.025,4.725,4.411522e+12,1.062991e+04,5.808576e+23,44.807,45.706,4.276,1384.196533
2011.04.18_14:24:00_TAI,160.6,2.490004e+22,53.888,96.321,96.053,61.693,0.18464300,4.006401e+13,0.00024188,1774.297,9.997,5.718565e+12,1.057748e+04,5.805914e+23,44.833,46.041,4.331,1389.625610
2011.04.18_14:36:00_TAI,160.8,2.494882e+22,53.941,96.098,95.797,61.599,0.19496872,4.054346e+13,0.00039441,1787.698,16.400,6.139530e+12,1.055923e+04,5.831376e+23,44.902,46.407,4.308,1395.992554
2011.04.18_14:48:00_TAI,161.0,2.480475e+22,54.049,96.452,96.402,61.865,0.15982845,4.022938e+13,0.00025039,1776.885,10.308,4.707299e+12,1.063933e+04,5.816974e+23,44.988,46.409,4.217,1392.643433
2011.04.18_15:00:00_TAI,161.2,2.467249e+22,54.064,96.779,96.532,62.066,0.18627098,3.934430e+13,0.00011784,1763.925,4.783,5.701474e+12,1.078477e+04,5.813135e+23,44.819,46.490,4.201,1395.861450
2011.04.18_15:12:00_TAI,161.4,2.463823e+22,54.218,96.114,96.198,61.953,0.20023400,3.910502e+13,0.00014572,1742.765,5.894,5.596169e+12,1.079664e+04,5.799461e+23,45.068,47.005,4.256,1393.682373
2011.04.18_15:24:00_TAI,161.6,2.458729e+22,54.359,95.907,96.290,61.829,0.17922069,3.874652e+13,0.00007918,1732.061,3.186,6.029536e+12,1.080377e+04,5.773160e+23,45.161,47.138,4.234,1388.042236
2011.04.18_15:36:00_TAI,161.8,2.455690e+22,54.273,96.126,96.533,62.050,0.21534905,3.806388e+13,0.00006576,1717.636,2.616,4.712272e+12,1.091634e+04,5.766626e+23,45.170,47.437,4.194,1390.031372
2011.04.18_15:48:00_TAI,162.0,2.453232e+22,54.126,96.881,97.114,62.555,0.13612409,3.836045e+13,0.00017357,1733.355,6.837,4.803771e+12,1.096541e+04,5.736627e+23,45.068,47.349,4.189,1391.275513
2011.04.18_16:00:00_TAI,162.2,2.456272e+22,54.189,97.202,97.790,62.668,0.09271119,3.821666e+13,-0.00025969,1725.515,10.192,3.485112e+12,1.104049e+04,5.754937e+23,45.086,47.205,4.273,1392.079102
2011.04.18_16:12:00_TAI,162.4,2.447029e+22,54.355,97.144,97.740,62.576,0.12169373,3.788876e+13,-0.00011636,1714.188,4.527,3.545033e+12,1.115876e+04,5.766350e+23,45.186,47.639,4.173,1394.588013
2011.04.18_16:24:00_TAI,162.6,2.457840e+22,54.102,98.151,99.012,62.994,0.14547409,3.812115e+13,-0.00038761,1733.859,14.956,2.975479e+12,1.124878e+04,5.764762e+23,44.918,47.304,4.253,1391.237305
2011.04.18_16:36:00_TAI,162.8,2.465453e+22,53.922,98.910,99.885,63.468,0.18069093,3.828814e+13,0.00010196,1763.155,3.910,3.988296e+12,1.134618e+04,5.778216e+23,44.852,47.034,4.322,1386.740601
2011.04.18_16:48:00_TAI,163.0,2.458712e+22,54.147,99.378,100.783,63.351,0.16915388,3.816994e+13,0.00030157,1765.019,11.449,4.103075e+12,1.149509e+04,5.795578e+23,45.141,47.163,4.210,1389.926392
2011.04.18_17:00:00_TAI,163.2,2.446166e+22,54.047,99.289,101.079,63.660,0.10226929,3.776283e+13,0.00075152,1768.472,28.123,4.917965e+12,1.166907e+04,5.799304e+23,44.935,46.887,4.256,1390.529419
2011.04.18_17:12:00_TAI,163.4,2.431094e+22,53.961,99.964,102.346,63.764,0.16142565,3.849705e+13,0.00047391,1810.885,17.454,4.769480e+12,1.191660e+04,5.828947e+23,45.087,47.027,4.166,1386.925903
2011.04.18_17:24:00_TAI,163.6,2.447500e+22,53.758,100.277,102.668,63.292,0.19566686,3.876143e+13,0.00090632,1813.601,33.624,5.113358e+12,1.182244e+04,5.825127e+23,44.747,46.700,4.273,1399.243042
2011.04.18_17:36:00_TAI,163.8,2.441955e+22,53.670,100.720,103.346,63.019,0.21705876,3.840226e+13,0.00107058,1817.105,39.602,7.440255e+12,1.180634e+04,5.800101e+23,44.750,46.637,4.249,1397.574097
2011.04.18_17:48:00_TAI,164.0,2.476642e+22,53.669,100.303,102.835,62.832,0.19396208,3.968884e+13,0.00085449,1848.419,32.385,7.805072e+12,1.161623e+04,5.847093e+23,44.763,46.430,4.156,1391.589233
2011.04.18_18:24:00_TAI,164.6,2.582693e+22,53.554,98.346,101.079,60.581,0.14777794,4.225681e+13,0.00090053,1893.480,37.353,4.429067e+12,1.084180e+04,5.972452e+23,44.961,46.111,4.230,1389.904907
2011.04.18_18:36:00_TAI,164.8,2.597050e+22,53.691,97.811,100.300,60.381,0.14663649,4.256062e+13,0.00076368,1873.377,32.382,4.701159e+12,1.065752e+04,6.002001e+23,44.882,45.925,4.202,1391.460938
2011.04.18_18:48:00_TAI,165.0,2.597004e+22,54.096,96.782,98.917,59.863,0.16340794,4.291197e+13,0.00083859,1872.036,36.055,5.125157e+12,1.054410e+04,6.020883e+23,45.196,46.310,4.143,1391.291260
2011.04.18_19:24:00_TAI,165.6,2.570227e+22,54.346,95.517,97.010,59.481,0.16837056,4.075634e+13,0.00148064,1795.911,63.217,5.863086e+12,1.063610e+04,6.031184e+23,45.398,47.082,4.034,1391.901489
2011.04.18_19:36:00_TAI,165.8,2.570265e+22,54.058,95.705,97.396,59.501,0.12448104,4.077792e+13,0.00132931,1788.124,56.481,6.255807e+12,1.075442e+04,6.068571e+23,45.487,46.851,4.173,1403.355957
2011.04.18_19:48:00_TAI,166.0,2.575641e+22,53.949,96.393,98.095,60.149,0.13764088,4.117259e+13,0.00114581,1811.187,48.443,4.905602e+12,1.079828e+04,6.063203e+23,45.171,46.611,4.198,1403.232178
2011.04.18_20:00:00_TAI,166.2,2.555537e+22,54.068,96.274,98.119,60.251,0.13393700,4.075336e+13,0.00112486,1792.667,46.955,6.042610e+12,1.084542e+04,6.012475e+23,45.326,47.113,4.155,1398.676636
2011.04.18_20:12:00_TAI,166.4,2.576380e+22,54.049,96.460,97.808,60.587,0.09308390,4.165435e+13,0.00071642,1821.263,30.380,5.430045e+12,1.069326e+04,6.022272e+23,45.338,47.183,4.153,1396.453003
2011.04.18_20:24:00_TAI,166.6,2.553657e+22,54.136,97.492,98.664,61.600,0.13427748,4.103998e+13,0.00024971,1786.399,10.342,4.818470e+12,1.091021e+04,6.001444e+23,45.268,47.115,4.053,1399.040527
2011.04.18_20:36:00_TAI,166.8,2.542973e+22,54.158,97.875,99.237,61.890,0.11902106,4.014363e+13,0.00070084,1773.509,28.603,5.248505e+12,1.105438e+04,5.992226e+23,45.223,47.296,4.125,1394.083984
2011.04.18_20:48:00_TAI,167.0,2.552935e+22,53.900,99.468,100.738,62.824,0.12104069,4.059882e+13,0.00093229,1814.819,37.543,7.048299e+12,1.124864e+04,6.015811e+23,45.085,47.142,4.074,1391.534668
2011.04.18_21:00:00_TAI,167.2,2.540315e+22,53.937,100.191,101.383,63.274,0.10290298,4.033096e+13,0.00084118,1821.254,33.382,6.335048e+12,1.137751e+04,5.996644e+23,45.010,47.315,4.117,1386.768677
2011.04.18_21:12:00_TAI,167.4,2.547281e+22,54.151,100.097,101.385,63.658,0.11845610,4.108412e+13,0.00073005,1838.559,29.061,7.455855e+12,1.142618e+04,6.040653e+23,45.391,47.521,4.149,1393.950073
2011.04.18_21:24:00_TAI,167.6,2.554187e+22,54.055,100.353,101.987,63.574,0.08579037,4.119195e+13,0.00075016,1856.128,29.873,5.625997e+12,1.144955e+04,6.055441e+23,45.144,47.326,4.089,1392.037720
2011.04.18_21:36:00_TAI,167.8,2.535758e+22,54.242,100.232,101.872,63.830,0.08492830,4.131308e+13,0.00084745,1867.207,33.395,5.581997e+12,1.158446e+04,6.062947e+23,45.227,47.484,4.198,1401.335449
2011.04.18_21:48:00_TAI,168.0,2.539778e+22,54.118,101.193,103.183,63.954,0.11653640,4.164681e+13,0.00115254,1888.352,45.335,6.652850e+12,1.163164e+04,6.076365e+23,45.121,47.280,4.220,1396.920654
2011.04.18_22:00:00_TAI,168.2,2.539177e+22,53.844,101.988,104.142,64.087,0.07489882,4.122830e+13,0.00134775,1883.363,52.348,7.595435e+12,1.175242e+04,6.062201e+23,44.714,46.683,4.151,1397.732910
2011.04.18_22:12:00_TAI,168.4,2.540718e+22,53.728,102.363,104.892,64.151,0.11298434,4.195720e+13,0.00061202,1902.195,23.826,6.791787e+12,1.169434e+04,6.046527e+23,44.711,46.413,4.143,1396.739380
2011.04.18_22:24:00_TAI,168.6,2.571614e+22,53.170,103.833,106.293,64.406,0.12008367,4.304826e+13,0.00090376,1958.469,35.574,6.467059e+12,1.149129e+04,6.007012e+23,44.199,45.435,4.193,1383.915283
2011.04.18_22:36:00_TAI,168.8,2.544218e+22,53.125,104.330,106.560,64.744,0.12242868,4.202590e+13,0.00075485,1915.458,28.975,5.367308e+12,1.177563e+04,6.002864e+23,44.251,45.468,4.133,1381.238037
2011.04.18_22:48:00_TAI,169.0,2.540915e+22,53.070,104.643,107.019,64.872,0.17210278,4.217577e+13,0.00108101,1928.781,41.481,7.886879e+12,1.183085e+04,6.029124e+23,44.266,44.836,3.971,1378.016113
2011.04.18_23:00:00_TAI,169.2,2.544996e+22,53.092,105.031,107.335,65.191,0.11182269,4.242525e+13,0.00112184,1931.598,42.937,8.851701e+12,1.187779e+04,6.037430e+23,44.082,44.741,3.946,1379.762817
2011.04.18_23:12:00_TAI,169.4,2.542466e+22,53.085,105.461,107.491,65.376,0.15972665,4.283529e+13,0.00117697,1934.062,45.187,8.095513e+12,1.176782e+04,6.000289e+23,44.202,44.892,3.962,1372.515991
2011.04.18_23:24:00_TAI,169.6,2.545025e+22,52.975,105.046,107.121,65.057,0.16034086,4.211908e+13,0.00065080,1914.176,24.937,5.822950e+12,1.178094e+04,5.995239e+23,44.238,44.571,3.934,1376.577393
2011.04.18_23:36:00_TAI,169.8,2.555351e+22,52.805,104.641,106.865,64.518,0.17516731,4.285835e+13,0.00134416,1951.546,51.968,7.926767e+12,1.165782e+04,5.986155e+23,44.146,44.725,4.050,1375.408813
2011.04.18_23:48:00_TAI,170.0,2.544351e+22,52.800,104.656,106.726,64.631,0.12400948,4.288260e+13,0.00080190,1948.581,30.848,6.883086e+12,1.169716e+04,5.976064e+23,44.121,44.492,4.125,1377.689941
2011.04.19_00:00:00_TAI,170.2,2.555405e+22,52.757,104.444,106.492,64.171,0.20913528,4.274295e+13,0.00103133,1944.677,39.968,9.792755e+12,1.165137e+04,5.996772e+23,44.108,44.549,4.103,1381.396729
2011.04.19_00:12:00_TAI,170.4,2.552453e+22,52.755,103.520,105.592,63.810,0.17485674,4.236988e+13,0.00140956,1927.141,54.698,1.138640e+13,1.166076e+04,6.009343e+23,44.055,44.420,4.180,1386.133911
2011.04.19_00:24:00_TAI,170.6,2.548421e+22,52.918,103.380,105.490,63.792,0.10604604,4.255693e+13,0.00158378,1917.445,61.549,1.187862e+13,1.169063e+04,6.033745e+23,44.143,44.567,4.092,1382.727661
2011.04.19_00:36:00_TAI,170.8,2.554705e+22,52.809,104.280,106.101,63.908,0.13828006,4.292420e+13,0.00186981,1923.340,72.842,1.159832e+13,1.160782e+04,6.005802e+23,44.164,44.670,4.020,1373.606323
2011.04.19_00:48:00_TAI,171.0,2.546521e+22,52.704,104.042,105.767,64.021,0.12222465,4.249913e+13,0.00173558,1922.870,67.040,1.037772e+13,1.176589e+04,6.035867e+23,44.029,44.362,4.114,1379.362183
2011.04.19_01:00:00_TAI,171.2,2.550874e+22,52.895,103.185,104.841,63.494,0.14065427,4.317010e+13,0.00145892,1929.214,56.951,9.504218e+12,1.176722e+04,6.100465e+23,44.179,44.635,4.131,1379.633545
2011.04.19_01:12:00_TAI,171.4,2.553467e+22,52.928,103.010,104.794,63.318,0.06593791,4.265993e+13,0.00158224,1908.319,61.465,8.970355e+12,1.179808e+04,6.086848e+23,44.118,44.859,4.090,1382.222778
2011.04.19_01:24:00_TAI,171.6,2.556413e+22,52.968,102.733,105.199,63.097,0.02205788,4.304235e+13,0.00148446,1920.950,57.949,9.469772e+12,1.174657e+04,6.090071e+23,44.488,45.083,4.171,1380.533813
2011.04.19_01:36:00_TAI,171.8,2.543711e+22,53.233,102.265,104.765,62.980,0.01153857,4.233518e+13,0.00149524,1886.184,57.963,1.037902e+13,1.187896e+04,6.115641e+23,44.516,45.377,4.190,1389.510010
2011.04.19_01:48:00_TAI,172.0,2.557510e+22,53.193,102.262,104.296,63.636,-0.00308876,4.321350e+13,0.00172439,1903.690,67.282,1.120939e+13,1.186957e+04,6.150846e+23,44.371,44.974,4.207,1389.383911
2011.04.19_02:00:00_TAI,172.2,2.551158e+22,53.321,102.546,104.731,63.697,0.03649732,4.293564e+13,0.00197431,1908.627,76.447,1.289657e+13,1.201599e+04,6.179482e+23,44.415,44.993,4.205,1397.059937
2011.04.19_02:12:00_TAI,172.4,2.541568e+22,53.487,102.613,104.634,64.040,-0.04985918,4.229075e+13,0.00147115,1880.115,56.634,1.046003e+13,1.207918e+04,6.175569e+23,44.335,45.219,4.283,1411.461792
2011.04.19_02:24:00_TAI,172.6,2.557525e+22,53.296,102.531,104.773,64.150,-0.00866700,4.254837e+13,0.00168083,1918.426,65.053,1.039339e+13,1.200956e+04,6.173151e+23,44.242,45.286,4.267,1407.572876
2011.04.19_02:36:00_TAI,172.8,2.558206e+22,53.861,102.049,104.564,64.650,-0.00211628,4.287218e+13,0.00182718,1928.047,71.057,1.157810e+13,1.207038e+04,6.234069e+23,44.687,46.009,4.359,1409.885010
2011.04.19_02:48:00_TAI,173.0,2.576555e+22,53.876,102.057,104.546,64.404,-0.10584101,4.362576e+13,0.00272514,1940.901,107.529,1.482429e+13,1.197624e+04,6.276107e+23,44.719,46.072,4.361,1411.845825
2011.04.19_03:00:00_TAI,173.2,2.568305e+22,53.839,102.525,105.345,64.904,-0.09655761,4.331641e+13,0.00244536,1952.118,95.491,1.368229e+13,1.203231e+04,6.240131e+23,44.573,45.825,4.297,1419.908691
2011.04.19_03:24:00_TAI,173.6,2.567879e+22,53.841,101.518,104.059,64.377,-0.11311414,4.266569e+13,0.00178133,1939.178,69.858,1.203844e+13,1.191896e+04,6.207620e+23,44.786,46.215,4.321,1423.559326
2011.04.19_03:36:00_TAI,173.8,2.572381e+22,54.079,100.942,103.414,64.118,-0.07840280,4.219377e+13,0.00204716,1910.484,81.260,1.290920e+13,1.187459e+04,6.259735e+23,44.939,46.627,4.356,1430.232788
2011.04.19_03:48:00_TAI,174.0,2.591090e+22,53.993,101.103,103.328,64.026,-0.06673938,4.247945e+13,0.00217102,1939.320,87.518,1.401172e+13,1.168611e+04,6.256600e+23,44.826,46.458,4.344,1427.743774
2011.04.19_04:00:00_TAI,174.2,2.589967e+22,53.970,99.733,101.801,63.587,-0.00232253,4.258349e+13,0.00201511,1909.575,82.108,1.297944e+13,1.157153e+04,6.261798e+23,44.837,46.612,4.222,1431.330933
2011.04.19_04:12:00_TAI,174.4,2.588311e+22,54.461,97.518,99.793,62.350,-0.05222567,4.218409e+13,0.00208529,1887.179,86.798,1.259963e+13,1.141652e+04,6.311033e+23,45.272,47.126,4.274,1442.786011
2011.04.19_04:24:00_TAI,174.6,2.594477e+22,54.278,97.871,100.096,62.278,-0.07870699,4.285501e+13,0.00207867,1894.366,86.741,1.309128e+13,1.138951e+04,6.311984e+23,45.048,47.005,4.214,1442.112061
2011.04.19_04:36:00_TAI,174.8,2.600398e+22,54.301,98.046,100.407,62.164,-0.10132783,4.326802e+13,0.00207339,1903.662,87.400,1.313494e+13,1.137085e+04,6.365523e+23,45.213,47.119,4.293,1446.859619
2011.04.19_04:48:00_TAI,175.0,2.616316e+22,54.212,96.833,99.357,61.350,-0.12230521,4.348642e+13,0.00221736,1913.962,94.923,1.206430e+13,1.115042e+04,6.339413e+23,45.121,46.935,4.281,1459.228271
2011.04.19_05:00:00_TAI,175.2,2.623769e+22,54.217,96.279,99.034,60.771,-0.04857399,4.333644e+13,0.00234923,1929.032,101.336,1.248563e+13,1.106955e+04,6.341511e+23,45.215,47.168,4.295,1455.449585
2011.04.19_05:12:00_TAI,175.4,2.638258e+22,54.256,96.203,99.067,60.506,-0.06311677,4.369579e+13,0.00283236,1938.345,123.547,1.215556e+13,1.096778e+04,6.353554e+23,45.344,46.983,4.199,1448.456299
2011.04.19_05:24:00_TAI,175.6,2.640933e+22,54.433,95.936,98.630,60.138,-0.03484569,4.386943e+13,0.00325498,1935.964,143.105,1.434208e+13,1.094477e+04,6.390812e+23,45.456,47.384,4.204,1448.479370
2011.04.19_05:36:00_TAI,175.8,2.647641e+22,54.426,96.290,99.039,60.111,-0.08820033,4.397423e+13,0.00274879,1955.983,121.103,1.254518e+13,1.095615e+04,6.410551e+23,45.435,47.367,4.200,1444.156738
2011.04.19_05:48:00_TAI,176.0,2.665595e+22,54.329,97.445,100.071,60.726,0.01990465,4.550529e+13,0.00306559,2012.198,136.232,1.267753e+13,1.091421e+04,6.441960e+23,45.422,46.904,4.255,1452.698730
2011.04.19_06:24:00_TAI,176.6,2.674632e+22,53.768,98.268,101.351,60.969,0.07899109,4.640455e+13,0.00298671,2031.375,130.767,1.288686e+13,1.100048e+04,6.396462e+23,44.745,45.939,4.216,1462.597290
2011.04.19_06:36:00_TAI,176.8,2.640657e+22,53.772,98.166,101.370,61.078,-0.01716993,4.505234e+13,0.00319731,1998.955,135.851,1.254830e+13,1.123069e+04,6.337323e+23,44.946,46.517,4.301,1465.412231
2011.04.19_06:48:00_TAI,177.0,2.626596e+22,53.631,99.657,102.745,61.956,0.03358822,4.507800e+13,0.00314203,2033.609,130.693,1.187773e+13,1.143373e+04,6.315992e+23,44.777,46.438,4.334,1476.452881
2011.04.19_07:00:00_TAI,177.2,2.593318e+22,53.479,100.151,103.748,62.751,0.04592536,4.452424e+13,0.00295824,2039.543,118.773,1.192692e+13,1.174905e+04,6.265180e+23,44.469,46.134,4.373,1477.009644
2011.04.19_07:12:00_TAI,177.4,2.571253e+22,53.964,100.233,103.417,63.394,0.05425311,4.376336e+13,0.00384772,2035.478,152.627,1.269369e+13,1.188357e+04,6.260365e+23,44.925,46.909,4.391,1476.885864
2011.04.19_07:24:00_TAI,177.6,2.571264e+22,53.998,100.521,103.371,63.861,0.01880615,4.381949e+13,0.00348751,2034.554,138.196,1.187936e+13,1.188928e+04,6.256746e+23,44.914,46.868,4.366,1482.464355
2011.04.19_07:36:00_TAI,177.8,2.557152e+22,53.978,100.739,103.242,64.224,0.02272735,4.306294e+13,0.00323824,2007.939,127.706,1.237339e+13,1.187466e+04,6.219401e+23,44.835,46.983,4.401,1484.819092
2011.04.19_07:48:00_TAI,178.0,2.550226e+22,54.055,100.017,102.194,64.018,-0.11431734,4.270576e+13,0.00309769,1998.953,122.086,1.164706e+13,1.182608e+04,6.189876e+23,44.830,47.059,4.367,1491.683105
2011.04.19_08:00:00_TAI,178.2,2.544852e+22,54.092,99.666,101.265,64.168,-0.07781675,4.202232e+13,0.00341289,1944.569,134.553,1.334580e+13,1.183952e+04,6.199269e+23,44.961,46.965,4.411,1484.058960
2011.04.19_08:12:00_TAI,178.4,2.547669e+22,54.263,99.059,100.400,64.087,-0.14664151,4.229671e+13,0.00322763,1940.958,128.547,1.424279e+13,1.176644e+04,6.223819e+23,45.151,47.134,4.374,1482.994385
2011.04.19_08:24:00_TAI,178.6,2.547644e+22,54.172,98.884,100.226,63.845,-0.14192717,4.181799e+13,0.00293918,1907.364,117.076,1.258737e+13,1.175253e+04,6.217402e+23,45.091,47.102,4.371,1483.256714
2011.04.19_08:36:00_TAI,178.8,2.549504e+22,54.244,98.016,99.275,63.425,-0.11941123,4.193282e+13,0.00269587,1891.773,108.975,1.307643e+13,1.154714e+04,6.199528e+23,45.210,47.006,4.347,1481.206543
2011.04.19_08:48:00_TAI,179.0,2.543327e+22,54.341,97.323,98.389,63.510,-0.10277956,4.194703e+13,0.00279876,1889.308,113.758,1.299017e+13,1.149068e+04,6.202636e+23,45.331,47.525,4.297,1483.594604
2011.04.19_09:00:00_TAI,179.2,2.533946e+22,54.537,96.952,98.219,63.200,-0.16603713,4.166177e+13,0.00248044,1875.562,100.842,1.119124e+13,1.147854e+04,6.197909e+23,45.425,47.383,4.279,1478.304688
2011.04.19_09:12:00_TAI,179.4,2.542534e+22,54.479,96.382,97.487,62.441,-0.02520677,4.196764e+13,0.00300325,1871.912,124.160,1.297247e+13,1.126875e+04,6.187145e+23,45.495,47.386,4.315,1483.044067
2011.04.19_09:24:00_TAI,179.6,2.529576e+22,54.829,95.283,96.040,62.039,-0.09235766,4.178355e+13,0.00276420,1846.639,115.038,1.338412e+13,1.120125e+04,6.190992e+23,45.876,47.571,4.350,1474.476196
2011.04.19_09:36:00_TAI,179.8,2.526608e+22,54.883,94.701,95.516,61.636,-0.01352532,4.236586e+13,0.00275533,1848.436,115.622,1.447378e+13,1.114755e+04,6.212533e+23,45.985,47.686,4.281,1472.340454
2011.04.19_09:48:00_TAI,180.0,2.540312e+22,54.914,94.450,95.405,61.359,-0.01388705,4.296716e+13,0.00326905,1868.558,139.020,1.522869e+13,1.104040e+04,6.235221e+23,46.092,47.745,4.302,1469.839111
2011.04.19_10:00:00_TAI,180.2,2.543468e+22,54.831,94.870,95.285,61.597,-0.03082013,4.315485e+13,0.00270710,1863.433,116.062,1.421120e+13,1.091218e+04,6.213528e+23,45.996,47.644,4.286,1463.409180
2011.04.19_10:12:00_TAI,180.4,2.548581e+22,54.928,93.552,94.147,60.793,0.00631462,4.340593e+13,0.00284919,1860.250,123.831,1.477802e+13,1.077034e+04,6.216580e+23,46.115,47.902,4.289,1464.695557
2011.04.19_10:24:00_TAI,180.6,2.547607e+22,54.708,93.540,94.310,60.641,0.00087926,4.298586e+13,0.00249599,1858.602,107.829,1.200835e+13,1.074672e+04,6.165845e+23,45.864,47.512,4.246,1460.310425
2011.04.19_10:36:00_TAI,180.8,2.555945e+22,54.575,93.900,94.714,60.730,0.04194479,4.330657e+13,0.00266960,1864.002,115.575,1.395623e+13,1.075476e+04,6.184166e+23,45.552,47.229,4.255,1463.561157
2011.04.19_10:48:00_TAI,181.0,2.579891e+22,54.594,93.638,94.366,60.099,0.02250487,4.419817e+13,0.00303231,1872.350,134.074,1.481354e+13,1.054645e+04,6.192819e+23,45.805,47.518,4.214,1463.851929
2011.04.19_11:00:00_TAI,181.2,2.571159e+22,54.787,93.420,94.053,60.312,0.07659953,4.434162e+13,0.00288381,1850.746,127.692,1.431195e+13,1.049615e+04,6.172487e+23,45.893,47.711,4.257,1467.052490
2011.04.19_11:12:00_TAI,181.4,2.582349e+22,54.507,93.959,94.784,60.371,0.01599223,4.433594e+13,0.00288858,1867.463,127.086,1.399269e+13,1.056180e+04,6.171539e+23,45.737,47.287,4.240,1459.120850
2011.04.19_11:24:00_TAI,181.6,2.579487e+22,54.542,93.649,94.857,60.315,0.00371856,4.450675e+13,0.00274111,1868.748,120.795,1.348832e+13,1.055658e+04,6.178718e+23,45.620,46.989,4.299,1460.534668
2011.04.19_11:36:00_TAI,181.8,2.579282e+22,54.741,92.905,94.292,59.899,0.07950671,4.474331e+13,0.00292394,1862.454,129.694,1.312871e+13,1.048971e+04,6.179146e+23,45.846,47.446,4.326,1461.257080
2011.04.19_11:48:00_TAI,182.0,2.585770e+22,54.567,93.675,94.967,60.396,0.07573142,4.393558e+13,0.00300085,1858.357,132.860,1.260244e+13,1.050663e+04,6.177948e+23,45.675,47.105,4.322,1465.138550
2011.04.19_12:00:00_TAI,182.2,2.581090e+22,54.667,93.817,94.937,60.669,0.04303740,4.463799e+13,0.00286471,1877.865,127.076,1.459516e+13,1.044765e+04,6.154923e+23,45.690,47.042,4.320,1467.828613
2011.04.19_12:12:00_TAI,182.4,2.577792e+22,54.653,93.308,94.434,60.470,0.06906713,4.424507e+13,0.00309258,1885.469,136.912,1.412124e+13,1.045804e+04,6.149098e+23,45.777,47.043,4.339,1463.983276
2011.04.19_12:24:00_TAI,182.6,2.591336e+22,54.547,93.500,94.495,60.322,0.07839912,4.462015e+13,0.00305299,1900.968,135.827,1.403791e+13,1.039126e+04,6.139642e+23,45.753,46.766,4.246,1461.276367
2011.04.19_12:36:00_TAI,182.8,2.595284e+22,54.523,93.464,94.393,59.977,0.02615976,4.452663e+13,0.00220444,1889.746,98.543,1.209812e+13,1.031076e+04,6.121244e+23,45.779,47.026,4.264,1459.772095
2011.04.19_12:48:00_TAI,183.0,2.583103e+22,54.660,92.787,93.815,59.609,0.08439637,4.361509e+13,0.00277404,1847.408,123.611,1.340561e+13,1.032479e+04,6.109969e+23,45.976,47.437,4.273,1460.572021
2011.04.19_13:00:00_TAI,183.2,2.586894e+22,54.512,93.523,94.433,60.145,0.11008617,4.367067e+13,0.00226024,1848.583,100.138,1.060086e+13,1.037051e+04,6.101769e+23,45.750,47.235,4.246,1465.228027
2011.04.19_13:12:00_TAI,183.4,2.586436e+22,54.687,92.796,93.962,59.830,0.05502701,4.385671e+13,0.00236589,1865.560,105.317,1.354474e+13,1.038696e+04,6.140826e+23,45.932,47.620,4.291,1474.690796
2011.04.19_13:24:00_TAI,183.6,2.595628e+22,54.607,92.894,94.380,59.934,0.07008817,4.384444e+13,0.00219969,1846.857,98.322,1.205097e+13,1.033739e+04,6.136509e+23,45.772,47.489,4.271,1483.651855
2011.04.19_13:36:00_TAI,183.8,2.588287e+22,54.762,93.014,94.189,59.937,0.05782466,4.393110e+13,0.00208510,1845.483,93.091,1.141039e+13,1.033620e+04,6.128800e+23,45.963,47.738,4.366,1479.410278
2011.04.19_13:48:00_TAI,184.0,2.590468e+22,54.655,93.496,94.867,60.113,-0.01224474,4.352474e+13,0.00234580,1874.537,104.315,1.114895e+13,1.034170e+04,6.107615e+23,45.665,47.362,4.330,1480.758423
2011.04.19_14:00:00_TAI,184.2,2.577470e+22,54.354,94.230,95.580,60.914,0.07420576,4.297784e+13,0.00204270,1850.571,88.453,1.059089e+13,1.058348e+04,6.086238e+23,45.416,46.806,4.338,1485.419189
2011.04.19_14:12:00_TAI,184.4,2.582268e+22,54.703,93.507,94.922,60.618,0.08139876,4.297500e+13,0.00221286,1850.098,97.052,1.222774e+13,1.052941e+04,6.132896e+23,45.611,47.298,4.285,1482.678223
2011.04.19_14:24:00_TAI,184.6,2.581999e+22,54.544,94.181,95.375,61.130,0.02157118,4.290204e+13,0.00189945,1854.793,82.497,1.063325e+13,1.062262e+04,6.127228e+23,45.418,46.918,4.352,1487.880371
2011.04.19_14:36:00_TAI,184.8,2.588457e+22,54.671,94.167,95.189,61.353,0.03723780,4.340069e+13,0.00206887,1857.912,90.230,1.248389e+13,1.055329e+04,6.112607e+23,45.574,47.178,4.300,1492.288208
2011.04.19_14:48:00_TAI,185.0,2.601374e+22,54.344,95.129,96.278,61.830,-0.02553012,4.367701e+13,0.00236260,1902.807,102.407,1.305820e+13,1.061610e+04,6.111340e+23,45.287,46.573,4.300,1489.053345
2011.04.19_15:00:00_TAI,185.2,2.582994e+22,54.421,96.084,97.218,62.295,-0.03214135,4.328564e+13,0.00254824,1905.786,108.147,1.273708e+13,1.084195e+04,6.110907e+23,45.358,46.582,4.303,1486.466797
2011.04.19_15:12:00_TAI,185.4,2.590202e+22,54.073,96.344,97.889,62.545,-0.04588168,4.326914e+13,0.00227286,1905.693,96.008,1.248490e+13,1.083177e+04,6.076396e+23,44.925,45.932,4.271,1493.540283
2011.04.19_15:24:00_TAI,185.6,2.599527e+22,53.808,97.762,99.263,62.981,-0.06752442,4.306911e+13,0.00191781,1902.410,80.228,1.158992e+13,1.092052e+04,6.067448e+23,44.741,45.628,4.377,1491.825073
2011.04.19_15:36:00_TAI,185.8,2.616184e+22,53.568,98.496,100.302,63.218,-0.07215669,4.296525e+13,0.00198647,1913.275,82.502,1.097413e+13,1.098872e+04,6.061125e+23,44.425,45.405,4.285,1491.846924
2011.04.19_15:48:00_TAI,186.0,2.616351e+22,53.503,99.200,101.028,63.475,-0.06774000,4.289058e+13,0.00124768,1905.733,51.420,1.033493e+13,1.106499e+04,6.056314e+23,44.525,45.657,4.280,1496.889893
2011.04.19_16:00:00_TAI,186.2,2.617262e+22,53.436,99.216,101.226,63.616,-0.09760264,4.306867e+13,0.00113662,1918.048,46.632,8.352532e+12,1.112106e+04,6.059535e+23,44.486,45.428,4.357,1491.910156
2011.04.19_16:12:00_TAI,186.4,2.610672e+22,53.270,99.540,101.984,63.537,-0.03079689,4.246568e+13,0.00147181,1913.268,59.623,8.129356e+12,1.121171e+04,6.032246e+23,44.271,45.422,4.300,1486.044312
2011.04.19_16:24:00_TAI,186.6,2.602662e+22,53.160,99.808,102.763,63.469,-0.08314641,4.240391e+13,0.00129439,1914.155,51.873,7.036683e+12,1.127743e+04,6.002152e+23,44.278,45.247,4.339,1475.526855
2011.04.19_16:36:00_TAI,186.8,2.604669e+22,52.959,99.867,102.951,63.306,-0.06981836,4.246555e+13,0.00148883,1925.104,59.519,8.566717e+12,1.129336e+04,5.996084e+23,44.284,45.156,4.305,1479.049438
2011.04.19_16:48:00_TAI,187.0,2.618339e+22,52.726,100.240,103.550,62.949,-0.06619761,4.305898e+13,0.00155555,1959.310,62.654,6.226911e+12,1.118618e+04,5.983595e+23,44.134,45.017,4.388,1473.753418
2011.04.19_17:00:00_TAI,187.2,2.627101e+22,52.479,100.956,104.385,62.828,0.02652660,4.373496e+13,0.00201511,1984.848,81.481,9.888207e+12,1.114287e+04,5.984108e+23,43.941,44.567,4.422,1476.503906
2011.04.19_17:12:00_TAI,187.4,2.638161e+22,52.442,100.122,103.736,62.174,-0.02520235,4.407833e+13,0.00158488,1995.891,64.730,8.376460e+12,1.106918e+04,6.004365e+23,43.962,44.417,4.452,1486.291016
2011.04.19_17:24:00_TAI,187.6,2.674551e+22,52.243,100.068,103.440,61.756,0.01983101,4.461795e+13,0.00187445,2015.703,78.266,9.948166e+12,1.082087e+04,6.000440e+23,43.835,44.294,4.364,1475.582397
2011.04.19_17:36:00_TAI,187.8,2.696651e+22,52.495,99.102,101.986,61.195,-0.00294343,4.547651e+13,0.00241068,2009.709,103.592,1.105646e+13,1.057622e+04,6.036131e+23,43.928,44.410,4.230,1481.455811
2011.04.19_17:48:00_TAI,188.0,2.740574e+22,52.480,98.703,101.857,60.282,0.03560196,4.591671e+13,0.00270961,2021.028,120.589,1.256421e+13,1.024904e+04,6.057519e+23,43.911,43.998,4.172,1479.233398
2011.04.19_18:24:00_TAI,188.6,2.786634e+22,52.949,97.189,99.913,59.107,-0.00168361,4.642512e+13,0.00238034,2007.415,111.502,9.401773e+12,9.825646e+03,6.112623e+23,44.608,44.902,4.203,1472.564087
2011.04.19_18:36:00_TAI,188.8,2.774243e+22,52.995,97.014,99.370,59.288,-0.01938975,4.572171e+13,0.00231430,1970.351,107.710,1.004165e+13,9.827477e+03,6.074347e+23,44.414,44.674,4.319,1473.420532
2011.04.19_18:48:00_TAI,189.0,2.772991e+22,52.739,97.230,99.691,59.334,-0.01798724,4.502548e+13,0.00247530,1941.573,114.723,9.399812e+12,9.864766e+03,6.072111e+23,44.233,44.614,4.361,1473.388062
2011.04.19_19:36:00_TAI,189.8,2.732838e+22,52.696,98.968,101.061,60.766,-0.12695201,4.403897e+13,0.00243040,1932.490,108.836,9.380680e+12,1.003456e+04,5.967672e+23,44.064,44.675,4.124,1454.825073
2011.04.19_19:48:00_TAI,190.0,2.741541e+22,52.710,100.022,101.861,61.749,-0.13403662,4.463821e+13,0.00255944,1952.702,114.645,9.063036e+12,1.009455e+04,6.005091e+23,44.012,44.832,4.127,1450.366089
2011.04.19_20:00:00_TAI,190.2,2.735100e+22,52.943,100.340,102.289,62.086,-0.14863512,4.464737e+13,0.00234170,1952.091,104.601,9.449159e+12,1.020801e+04,6.055774e+23,44.252,44.715,4.264,1446.922485
2011.04.19_20:12:00_TAI,190.4,2.733108e+22,52.793,101.289,103.608,62.622,-0.16569911,4.460303e+13,0.00287638,1975.108,126.440,1.002895e+13,1.031954e+04,6.024496e+23,44.100,44.485,4.161,1447.346802
2011.04.19_20:24:00_TAI,190.6,2.724984e+22,52.766,102.476,104.685,63.296,-0.13470405,4.432424e+13,0.00294773,1951.288,127.404,1.073202e+13,1.043041e+04,5.987132e+23,44.065,44.237,4.048,1429.589355
2011.04.19_20:36:00_TAI,190.8,2.712285e+22,52.632,102.986,105.545,63.235,-0.03271060,4.378575e+13,0.00284464,1951.990,121.042,1.113350e+13,1.053486e+04,5.953489e+23,43.937,44.143,4.182,1426.669189
2011.04.19_20:48:00_TAI,191.0,2.701065e+22,52.492,104.416,106.833,63.878,-0.07843789,4.390842e+13,0.00316286,1963.349,132.853,1.169546e+13,1.063036e+04,5.929952e+23,43.710,43.741,4.206,1423.244629
2011.04.19_21:00:00_TAI,191.2,2.679082e+22,52.478,104.701,107.142,64.081,-0.04299271,4.344571e+13,0.00350371,1950.202,145.103,1.272067e+13,1.069854e+04,5.884157e+23,43.666,43.633,4.103,1413.971558
2011.04.19_21:12:00_TAI,191.4,2.667443e+22,52.245,105.286,107.814,64.011,-0.04977173,4.325768e+13,0.00308205,1947.555,126.478,1.192637e+13,1.070167e+04,5.832722e+23,43.562,43.272,3.933,1411.860718
2011.04.19_21:24:00_TAI,191.6,2.664667e+22,52.022,105.728,108.049,63.997,-0.09768523,4.370526e+13,0.00299495,1944.697,122.916,1.111999e+13,1.062486e+04,5.791000e+23,43.306,42.747,3.909,1411.485840
2011.04.19_21:36:00_TAI,191.8,2.672364e+22,51.634,106.391,108.785,64.151,0.02403514,4.466311e+13,0.00296205,1979.795,121.622,1.007452e+13,1.059788e+04,5.779253e+23,43.258,42.587,3.918,1405.314941
2011.04.19_21:48:00_TAI,192.0,2.685864e+22,51.256,107.280,109.764,64.106,0.01504064,4.547748e+13,0.00368689,2019.158,152.036,1.239469e+13,1.050950e+04,5.756183e+23,42.752,41.897,4.078,1403.656738
2011.04.19_22:00:00_TAI,192.2,2.680178e+22,51.065,107.796,110.422,63.446,-0.00157212,4.490497e+13,0.00385895,2005.750,158.510,1.205616e+13,1.050684e+04,5.731839e+23,42.571,41.528,4.129,1403.211060
2011.04.19_22:12:00_TAI,192.4,2.681840e+22,51.018,106.800,109.343,62.591,0.02900863,4.472795e+13,0.00342364,1993.340,142.105,1.141319e+13,1.036769e+04,5.715273e+23,42.611,41.779,4.076,1406.989014
2011.04.19_22:24:00_TAI,192.6,2.680197e+22,50.954,106.464,109.172,62.410,0.06340473,4.492597e+13,0.00315845,1970.541,132.045,1.077121e+13,1.026176e+04,5.697762e+23,42.621,41.694,4.050,1413.713013
2011.04.19_22:36:00_TAI,192.8,2.676057e+22,50.801,106.758,109.297,62.547,0.00161562,4.501730e+13,0.00365305,1980.821,152.734,1.194456e+13,1.019021e+04,5.658171e+23,42.486,41.524,3.985,1406.551392
2011.04.19_22:48:00_TAI,193.0,2.682661e+22,50.860,105.952,108.301,61.977,-0.01447980,4.506605e+13,0.00369110,1968.730,155.765,1.398962e+13,1.008223e+04,5.650431e+23,42.591,41.765,4.012,1401.597412
2011.04.19_23:00:00_TAI,193.2,2.700310e+22,50.892,105.673,108.195,61.512,0.03015498,4.512180e+13,0.00334396,1967.769,143.312,1.164396e+13,9.894593e+03,5.631869e+23,42.497,41.357,4.102,1396.849609
2011.04.19_23:12:00_TAI,193.4,2.692406e+22,51.000,104.870,106.856,61.395,-0.00448349,4.516219e+13,0.00323609,1940.319,139.501,1.126318e+13,9.843870e+03,5.635552e+23,42.850,42.104,4.168,1393.363770
2011.04.19_23:24:00_TAI,193.6,2.717966e+22,51.054,104.679,106.365,61.230,0.08038898,4.588410e+13,0.00292061,1965.829,128.431,1.038306e+13,9.679774e+03,5.652933e+23,42.925,41.893,3.890,1394.665283
2011.04.19_23:36:00_TAI,193.8,2.700204e+22,50.919,104.988,106.377,61.426,-0.01282920,4.498499e+13,0.00348570,1940.357,151.290,1.134696e+13,9.745962e+03,5.617940e+23,42.612,41.663,3.963,1389.034546
2011.04.19_23:48:00_TAI,194.0,2.695377e+22,51.323,103.677,105.347,60.877,0.05060243,4.489086e+13,0.00355395,1939.437,155.869,1.276392e+13,9.665983e+03,5.630118e+23,42.743,41.907,3.990,1398.363159
2011.04.20_00:00:00_TAI,194.2,2.687565e+22,51.238,103.478,105.106,60.707,-0.00188766,4.449418e+13,0.00324661,1927.566,141.922,1.099109e+13,9.661153e+03,5.608827e+23,42.800,42.219,4.032,1392.303833
2011.04.20_00:12:00_TAI,194.4,2.681427e+22,51.252,102.895,104.380,60.481,0.06412623,4.466290e+13,0.00325825,1913.221,142.411,1.240797e+13,9.638979e+03,5.595057e+23,42.691,41.892,4.055,1389.133789
2011.04.20_00:24:00_TAI,194.6,2.685588e+22,51.195,103.327,104.643,60.498,0.04006480,4.444797e+13,0.00339659,1893.492,148.679,1.251874e+13,9.603815e+03,5.583191e+23,42.848,42.207,4.002,1392.537231
2011.04.20_00:36:00_TAI,194.8,2.690048e+22,51.112,103.456,105.095,60.264,0.07294922,4.429740e+13,0.00289368,1886.433,127.053,1.146989e+13,9.495627e+03,5.537321e+23,42.717,42.150,4.002,1392.775757
2011.04.20_00:48:00_TAI,195.0,2.692304e+22,51.054,103.667,105.688,60.749,0.00368037,4.470171e+13,0.00323545,1910.147,141.984,1.166388e+13,9.521651e+03,5.549588e+23,42.741,41.830,3.920,1393.752808
2011.04.20_01:00:00_TAI,195.2,2.683963e+22,50.903,104.667,106.495,61.181,0.04911991,4.445511e+13,0.00331629,1913.944,143.943,1.215844e+13,9.567291e+03,5.515075e+23,42.456,41.404,4.010,1389.047485
2011.04.20_01:12:00_TAI,195.4,2.677605e+22,50.914,105.881,107.733,62.039,0.01311911,4.515251e+13,0.00345499,1941.721,148.651,1.184619e+13,9.678988e+03,5.530486e+23,42.454,41.290,4.016,1391.653198
2011.04.20_01:24:00_TAI,195.6,2.670326e+22,50.754,105.986,107.870,62.122,0.08502708,4.517400e+13,0.00382681,1942.371,163.037,1.341812e+13,9.708181e+03,5.493276e+23,42.298,41.261,4.037,1389.042847
2011.04.20_01:36:00_TAI,195.8,2.657986e+22,50.924,105.764,107.851,62.252,0.04569757,4.526935e+13,0.00339210,1946.354,143.717,1.266700e+13,9.787201e+03,5.507052e+23,42.530,41.514,4.005,1387.885742
2011.04.20_01:48:00_TAI,196.0,2.656600e+22,50.793,106.433,108.851,62.137,0.07319885,4.467790e+13,0.00268975,1928.978,112.741,9.470385e+12,9.849035e+03,5.482595e+23,42.485,41.089,4.029,1383.536011
2011.04.20_02:00:00_TAI,196.2,2.656740e+22,50.848,106.835,109.115,62.458,0.00373721,4.529295e+13,0.00296680,1963.431,124.217,1.189175e+13,9.789655e+03,5.443429e+23,42.352,40.920,4.017,1384.602661
2011.04.20_02:12:00_TAI,196.4,2.661344e+22,50.759,107.099,109.520,62.527,0.06864730,4.511994e+13,0.00311926,1937.822,130.376,1.402093e+13,9.794943e+03,5.437004e+23,42.187,40.881,4.055,1387.151855
2011.04.20_02:24:00_TAI,196.6,2.661883e+22,50.684,107.696,110.215,62.726,0.01772231,4.520397e+13,0.00278108,1963.019,115.812,1.170023e+13,9.830302e+03,5.436657e+23,42.240,40.904,4.017,1387.825073
2011.04.20_02:36:00_TAI,196.8,2.652441e+22,50.893,107.919,110.120,63.045,-0.10418024,4.523001e+13,0.00314335,1961.222,130.452,1.378158e+13,9.833771e+03,5.420161e+23,42.352,40.821,4.017,1391.614258
2011.04.20_02:48:00_TAI,197.0,2.639592e+22,50.697,109.459,111.641,64.051,-0.06939732,4.493992e+13,0.00291568,1986.769,118.563,1.225883e+13,1.002944e+04,5.416394e+23,42.170,40.947,4.044,1380.904541
2011.04.20_03:00:00_TAI,197.2,2.631491e+22,50.990,109.122,111.522,64.480,-0.07708340,4.491566e+13,0.00284382,1994.637,115.485,1.298666e+13,1.010053e+04,5.447275e+23,42.372,41.217,4.135,1380.722290
2011.04.20_03:12:00_TAI,197.4,2.617515e+22,51.370,108.501,110.768,64.394,-0.13881655,4.477899e+13,0.00297004,1978.776,120.598,1.206581e+13,1.009879e+04,5.446202e+23,42.602,41.452,4.087,1380.944092
2011.04.20_03:24:00_TAI,197.6,2.608459e+22,51.454,108.829,110.829,64.941,-0.19261603,4.457407e+13,0.00315594,1962.632,127.572,1.147008e+13,1.013277e+04,5.439631e+23,42.629,41.442,4.110,1388.260864
2011.04.20_03:36:00_TAI,197.8,2.604213e+22,51.641,108.448,110.561,64.883,-0.12546167,4.470905e+13,0.00291688,1980.186,118.023,1.148562e+13,1.020860e+04,5.485762e+23,42.949,42.182,4.101,1391.857910
2011.04.20_03:48:00_TAI,198.0,2.608061e+22,51.592,108.455,110.492,64.854,-0.17183712,4.419650e+13,0.00262511,1957.918,106.382,9.613516e+12,1.024947e+04,5.516301e+23,42.839,42.099,4.027,1396.289551
2011.04.20_04:00:00_TAI,198.2,2.621866e+22,51.458,107.974,110.180,64.164,-0.09697612,4.432803e+13,0.00320005,1973.392,131.266,1.199821e+13,1.010342e+04,5.504113e+23,43.038,42.347,4.151,1400.943481
2011.04.20_04:12:00_TAI,198.4,2.634900e+22,51.677,106.564,108.166,63.463,-0.14366151,4.469139e+13,0.00299650,1961.073,125.937,1.287214e+13,9.857813e+03,5.502275e+23,43.049,42.383,4.075,1407.594727
2011.04.20_04:24:00_TAI,198.6,2.636864e+22,51.647,106.641,108.330,63.724,-0.19202799,4.521677e+13,0.00291424,1982.871,122.963,1.290802e+13,9.853265e+03,5.521457e+23,43.119,42.626,4.093,1412.416260
2011.04.20_04:36:00_TAI,198.8,2.654386e+22,51.674,106.144,107.740,63.680,-0.18767615,4.527199e+13,0.00280112,1992.313,120.076,1.240414e+13,9.806089e+03,5.582666e+23,43.194,42.762,4.149,1416.868286
2011.04.20_04:48:00_TAI,199.0,2.641360e+22,51.471,105.443,106.831,62.736,-0.07016208,4.408381e+13,0.00299198,1951.100,128.191,1.245391e+13,9.747639e+03,5.546542e+23,42.874,42.151,4.155,1421.783203
2011.04.20_05:00:00_TAI,199.2,2.663611e+22,51.210,105.279,106.738,62.298,-0.12765354,4.469771e+13,0.00297089,1984.980,128.916,1.164447e+13,9.640213e+03,5.555573e+23,42.742,42.057,4.149,1425.913574
2011.04.20_05:12:00_TAI,199.4,2.676870e+22,51.447,103.894,105.064,61.424,-0.03358429,4.496920e+13,0.00316944,1978.771,140.530,1.311104e+13,9.436848e+03,5.557310e+23,42.883,41.824,4.169,1438.371094
2011.04.20_05:24:00_TAI,199.6,2.679304e+22,51.325,102.468,103.683,60.425,-0.06289128,4.478842e+13,0.00291928,1954.575,130.924,1.084364e+13,9.321026e+03,5.551863e+23,42.818,41.489,4.126,1435.338501
2011.04.20_05:36:00_TAI,199.8,2.694512e+22,51.295,102.957,104.073,60.558,-0.06525832,4.535993e+13,0.00310961,1977.525,140.455,1.196206e+13,9.257850e+03,5.553576e+23,42.755,41.344,4.289,1436.843628
2011.04.20_05:48:00_TAI,200.0,2.699850e+22,51.296,101.844,103.428,59.561,-0.05816660,4.514796e+13,0.00348250,1957.353,158.809,1.295098e+13,9.113926e+03,5.519771e+23,42.969,41.753,4.248,1447.139771
2011.04.20_06:24:00_TAI,200.6,2.737979e+22,50.992,101.848,103.736,58.725,-0.07253595,4.606607e+13,0.00316190,2002.851,147.307,1.164662e+13,8.875320e+03,5.491714e+23,42.731,41.093,4.157,1434.566040
2011.04.20_06:36:00_TAI,200.8,2.717548e+22,50.759,102.005,103.872,58.572,-0.06293918,4.587694e+13,0.00313395,1998.729,144.325,1.169114e+13,8.942800e+03,5.469457e+23,42.707,40.942,4.223,1430.008789
2011.04.20_06:48:00_TAI,201.0,2.706000e+22,50.684,103.072,104.992,59.553,-0.00953782,4.643251e+13,0.00274094,2028.167,124.447,1.159181e+13,9.028160e+03,5.444086e+23,42.526,40.647,4.101,1434.031982
2011.04.20_07:00:00_TAI,201.2,2.690139e+22,50.441,104.314,106.555,59.761,0.00954131,4.621173e+13,0.00325432,2030.571,144.873,1.222128e+13,9.133489e+03,5.399890e+23,42.209,40.235,4.166,1429.351196
2011.04.20_07:12:00_TAI,201.4,2.654644e+22,50.343,105.362,107.762,60.594,-0.03518320,4.560160e+13,0.00309103,2052.256,133.542,1.231462e+13,9.382012e+03,5.382978e+23,42.148,40.263,4.174,1434.758667
2011.04.20_07:24:00_TAI,201.6,2.632491e+22,50.104,106.691,109.128,61.651,-0.04294713,4.515690e+13,0.00319762,2031.867,134.550,1.035491e+13,9.505127e+03,5.311731e+23,41.865,39.920,4.112,1438.481934
2011.04.20_07:36:00_TAI,201.8,2.588032e+22,50.278,106.714,109.243,61.891,-0.01922381,4.409901e+13,0.00307309,2003.802,125.785,1.025627e+13,9.684034e+03,5.264193e+23,42.035,40.457,4.084,1432.886353
2011.04.20_07:48:00_TAI,202.0,2.567562e+22,50.252,107.119,109.464,62.946,0.00732843,4.367403e+13,0.00276081,2002.622,110.979,1.067261e+13,9.833991e+03,5.249980e+23,41.861,40.096,4.165,1433.371826
2011.04.20_08:00:00_TAI,202.2,2.549966e+22,50.492,106.823,108.934,62.829,-0.02049247,4.334036e+13,0.00271605,1984.684,108.490,8.372112e+12,9.889637e+03,5.246590e+23,42.169,40.544,4.117,1430.865112
2011.04.20_08:12:00_TAI,202.4,2.546218e+22,50.598,107.948,109.364,63.922,-0.06079428,4.364614e+13,0.00293503,1986.036,117.199,8.536317e+12,9.861451e+03,5.229804e+23,42.196,40.393,4.310,1429.904419
2011.04.20_08:24:00_TAI,202.6,2.536608e+22,50.767,107.952,109.175,64.210,-0.06377870,4.278620e+13,0.00319819,1964.677,127.403,9.828183e+12,9.902371e+03,5.239011e+23,42.045,40.424,4.219,1435.959473
2011.04.20_08:36:00_TAI,202.8,2.542630e+22,50.783,108.307,109.217,64.951,-0.03049392,4.337268e+13,0.00279084,1987.457,111.826,9.101785e+12,9.804147e+03,5.217381e+23,42.030,40.378,4.289,1431.381470
2011.04.20_08:48:00_TAI,203.0,2.546186e+22,50.903,108.222,108.812,65.077,-0.10518686,4.351036e+13,0.00274834,1958.898,110.959,8.774291e+12,9.770401e+03,5.238999e+23,42.407,40.856,4.279,1432.176270
2011.04.20_09:00:00_TAI,203.2,2.533463e+22,50.959,107.102,107.978,64.400,-0.17575388,4.282111e+13,0.00270337,1932.772,108.892,9.363304e+12,9.740203e+03,5.210517e+23,42.358,40.751,4.357,1426.126587
2011.04.20_09:12:00_TAI,203.4,2.543692e+22,51.087,106.794,107.325,64.217,-0.11616360,4.310758e+13,0.00248732,1931.052,101.888,8.721873e+12,9.583764e+03,5.213633e+23,42.476,40.949,4.374,1424.915894
2011.04.20_09:24:00_TAI,203.6,2.548459e+22,51.218,106.001,106.073,63.723,-0.10835779,4.364300e+13,0.00262372,1932.318,108.861,7.852281e+12,9.461757e+03,5.213984e+23,42.552,41.213,4.279,1417.236816
2011.04.20_09:36:00_TAI,203.8,2.540269e+22,51.256,106.203,105.919,63.986,-0.11517940,4.366936e+13,0.00266205,1932.878,110.755,8.532382e+12,9.422694e+03,5.206724e+23,42.652,41.249,4.223,1417.815796
2011.04.20_09:48:00_TAI,204.0,2.539870e+22,51.120,105.671,105.674,63.266,-0.00893503,4.345199e+13,0.00316229,1907.619,132.048,1.146939e+13,9.339798e+03,5.179523e+23,42.646,41.214,4.386,1412.435791
2011.04.20_10:00:00_TAI,204.2,2.537492e+22,51.035,105.264,105.064,63.083,-0.02522977,4.289154e+13,0.00347946,1891.026,146.113,1.208022e+13,9.270051e+03,5.169898e+23,42.479,40.918,4.411,1414.165405
2011.04.20_10:12:00_TAI,204.4,2.539779e+22,51.130,103.832,103.731,62.229,-0.02273457,4.284524e+13,0.00323308,1869.676,137.587,1.167952e+13,9.143735e+03,5.167816e+23,42.559,41.032,4.421,1414.644043
2011.04.20_10:24:00_TAI,204.6,2.533378e+22,51.020,103.277,103.207,62.113,-0.06340210,4.253119e+13,0.00339493,1855.239,144.247,1.285069e+13,9.119891e+03,5.146349e+23,42.358,40.851,4.416,1420.199829
2011.04.20_10:36:00_TAI,204.8,2.539542e+22,51.191,103.413,103.181,62.420,-0.07002471,4.259501e+13,0.00336930,1853.272,144.476,1.203205e+13,9.071885e+03,5.166366e+23,42.668,40.952,4.437,1427.019287
2011.04.20_10:48:00_TAI,205.0,2.558843e+22,51.115,102.665,102.528,61.567,-0.06085555,4.373643e+13,0.00326928,1879.143,143.459,1.241662e+13,8.914390e+03,5.195415e+23,42.716,40.786,4.435,1421.291382
2011.04.20_11:00:00_TAI,205.2,2.557727e+22,50.975,102.670,102.548,61.357,0.04465161,4.331928e+13,0.00323603,1858.524,141.528,1.204099e+13,8.916432e+03,5.179317e+23,42.491,40.342,4.419,1422.956909
2011.04.20_11:12:00_TAI,205.4,2.559958e+22,50.994,102.497,102.148,61.202,-0.00088960,4.416923e+13,0.00361775,1880.997,159.271,1.335493e+13,8.818484e+03,5.155918e+23,42.527,40.711,4.399,1419.555176
2011.04.20_11:24:00_TAI,205.6,2.561647e+22,50.883,102.927,102.552,61.187,0.00680729,4.438531e+13,0.00368995,1892.848,162.830,1.357273e+13,8.806357e+03,5.161224e+23,42.431,40.507,4.439,1423.296631
2011.04.20_11:36:00_TAI,205.8,2.583703e+22,50.646,102.691,102.223,60.761,0.00653782,4.452749e+13,0.00365782,1902.754,163.420,1.353334e+13,8.682136e+03,5.151606e+23,42.238,40.106,4.438,1417.676392
2011.04.20_11:48:00_TAI,206.0,2.575512e+22,50.534,102.869,102.363,60.548,0.00669876,4.433476e+13,0.00363460,1903.526,161.183,1.348820e+13,8.688155e+03,5.116871e+23,42.178,39.924,4.444,1425.064331
2011.04.20_12:00:00_TAI,206.2,2.566760e+22,50.409,102.727,102.768,60.524,0.01831817,4.374932e+13,0.00399028,1897.644,175.385,1.563606e+13,8.716995e+03,5.088359e+23,42.043,39.903,4.402,1427.412354
2011.04.20_12:12:00_TAI,206.4,2.570154e+22,50.472,102.479,102.195,60.173,-0.04254184,4.416869e+13,0.00398424,1881.240,176.594,1.495352e+13,8.597770e+03,5.061012e+23,42.174,39.847,4.387,1430.161499
2011.04.20_12:24:00_TAI,206.6,2.578360e+22,50.013,103.375,103.328,60.585,-0.02986715,4.403694e+13,0.00383310,1893.349,168.779,1.342595e+13,8.673882e+03,5.072294e+23,41.867,39.552,4.393,1436.972046
2011.04.20_12:36:00_TAI,206.8,2.587552e+22,50.129,102.891,102.761,60.100,0.05404186,4.401353e+13,0.00396847,1877.742,176.918,1.425455e+13,8.595550e+03,5.089157e+23,42.015,39.763,4.366,1430.746582
2011.04.20_12:48:00_TAI,207.0,2.582230e+22,50.037,103.285,103.281,60.429,-0.00881170,4.368305e+13,0.00338669,1881.450,149.756,1.325818e+13,8.616962e+03,5.060522e+23,41.743,39.271,4.310,1432.929443
2011.04.20_13:00:00_TAI,207.2,2.587726e+22,50.060,103.406,103.281,60.537,-0.04817402,4.421989e+13,0.00317395,1893.409,141.089,1.234134e+13,8.543962e+03,5.043976e+23,41.732,38.945,4.403,1430.855957
2011.04.20_19:36:00_TAI,213.8,2.609266e+22,47.961,110.184,110.724,61.137,-0.10028973,4.257302e+13,0.00330539,1915.652,138.324,1.268094e+13,8.753756e+03,4.864987e+23,40.256,36.554,4.288,1334.359497
2011.04.20_19:48:00_TAI,214.0,2.609508e+22,48.072,110.099,110.919,61.197,-0.08446508,4.307810e+13,0.00264550,1935.046,110.415,1.104980e+13,8.793103e+03,4.874010e+23,40.282,36.837,4.322,1324.103271
2011.04.20_20:00:00_TAI,214.2,2.597136e+22,48.155,110.317,111.534,61.564,-0.09973017,4.280653e+13,0.00334941,1942.637,137.852,1.128929e+13,8.897282e+03,4.863223e+23,40.446,37.150,4.247,1321.542358
2011.04.20_20:12:00_TAI,214.4,2.577116e+22,47.969,111.117,112.871,61.485,-0.09759455,4.209469e+13,0.00277589,1909.413,112.401,9.942505e+12,8.953654e+03,4.814844e+23,40.249,36.741,4.237,1317.231079
2011.04.20_20:24:00_TAI,214.6,2.568657e+22,47.900,111.380,113.131,61.709,-0.11964866,4.178545e+13,0.00259741,1922.292,104.169,1.053939e+13,9.005245e+03,4.796782e+23,40.160,36.329,4.174,1310.991699
2011.04.20_20:36:00_TAI,214.8,2.562227e+22,47.431,112.367,114.030,61.542,-0.13970034,4.164545e+13,0.00243250,1915.715,96.565,9.203735e+12,9.019533e+03,4.755162e+23,39.707,35.392,4.153,1311.263428
2011.04.20_20:48:00_TAI,215.0,2.576488e+22,46.987,113.252,115.561,61.145,-0.11458509,4.215099e+13,0.00303265,1932.951,120.611,1.161301e+13,8.984316e+03,4.745425e+23,39.436,35.087,4.159,1304.879761
2011.04.20_21:00:00_TAI,215.2,2.589132e+22,46.769,113.856,116.008,61.245,-0.13782419,4.232322e+13,0.00294280,1932.818,117.582,1.171490e+13,8.972701e+03,4.761217e+23,39.211,34.788,4.091,1305.281006
2011.04.20_21:12:00_TAI,215.4,2.586355e+22,46.592,113.492,115.933,60.662,-0.10205051,4.181364e+13,0.00314760,1902.683,125.995,1.284829e+13,8.872697e+03,4.716752e+23,38.986,34.343,4.132,1301.238281
2011.04.20_21:24:00_TAI,215.6,2.605677e+22,46.634,112.360,114.753,59.764,-0.05207789,4.218213e+13,0.00306379,1897.480,125.309,1.124821e+13,8.675640e+03,4.712348e+23,39.040,34.171,4.103,1287.494385
2011.04.20_21:36:00_TAI,215.8,2.615980e+22,46.429,111.841,114.075,59.012,-0.01672444,4.192719e+13,0.00325976,1883.481,134.498,1.047967e+13,8.502909e+03,4.659293e+23,38.975,33.959,3.938,1282.286621
2011.04.20_21:48:00_TAI,216.0,2.626553e+22,46.182,110.725,112.639,58.454,-0.01226386,4.234608e+13,0.00293531,1894.398,122.699,1.098432e+13,8.357502e+03,4.639771e+23,38.726,33.990,4.107,1278.561646
2011.04.20_22:00:00_TAI,216.2,2.633050e+22,46.151,109.899,111.807,57.668,0.04037748,4.185212e+13,0.00305312,1873.124,128.555,1.138270e+13,8.323771e+03,4.654649e+23,38.865,34.113,4.039,1269.317017
2011.04.20_22:12:00_TAI,216.4,2.647994e+22,46.150,109.165,111.024,57.039,-0.01485092,4.203875e+13,0.00299451,1871.547,128.411,1.118771e+13,8.164863e+03,4.650042e+23,38.870,34.437,4.006,1269.813599
2011.04.20_22:24:00_TAI,216.6,2.647130e+22,46.434,108.207,109.910,56.830,-0.06601712,4.164776e+13,0.00306578,1841.119,132.184,1.185501e+13,8.146840e+03,4.664878e+23,38.943,34.407,4.035,1271.291138
2011.04.20_22:36:00_TAI,216.8,2.656550e+22,46.374,107.327,109.250,55.848,-0.04611049,4.088236e+13,0.00331270,1814.006,143.976,1.294774e+13,8.052249e+03,4.647714e+23,38.843,34.161,4.069,1274.001587
2011.04.20_22:48:00_TAI,217.0,2.645512e+22,46.356,106.619,108.410,55.854,-0.06228810,4.079657e+13,0.00371883,1821.053,160.850,1.252186e+13,8.071526e+03,4.636547e+23,38.794,34.179,4.009,1261.417236
2011.04.20_23:00:00_TAI,217.2,2.636048e+22,46.543,105.886,107.368,55.822,-0.07002831,4.018471e+13,0.00332613,1788.199,143.695,1.071942e+13,8.113132e+03,4.655058e+23,38.947,34.367,3.947,1256.724854
2011.04.20_23:12:00_TAI,217.4,2.648534e+22,46.523,105.016,106.683,55.250,-0.04556502,4.020325e+13,0.00374764,1778.103,163.888,1.215291e+13,8.024418e+03,4.660318e+23,39.002,34.502,3.933,1254.425903
2011.04.20_23:24:00_TAI,217.6,2.652529e+22,46.585,104.931,106.622,54.884,-0.03506379,4.007852e+13,0.00300431,1773.130,132.039,9.606839e+12,7.956876e+03,4.644340e+23,38.956,34.302,3.817,1249.953735
2011.04.20_23:36:00_TAI,217.8,2.655873e+22,46.580,104.341,106.025,54.424,-0.06825904,3.986948e+13,0.00326561,1755.723,144.490,1.010198e+13,7.860677e+03,4.619299e+23,38.996,34.209,4.001,1255.233643
2011.04.20_23:48:00_TAI,218.0,2.665339e+22,46.507,103.620,105.440,53.912,-0.03525961,3.995294e+13,0.00365290,1770.149,162.382,1.122388e+13,7.845692e+03,4.632061e+23,38.657,33.624,3.929,1246.565552
2011.04.21_00:00:00_TAI,218.2,2.675560e+22,46.244,102.979,104.969,53.478,-0.05866481,3.986527e+13,0.00346992,1754.495,155.050,1.110890e+13,7.809209e+03,4.634168e+23,38.704,33.690,3.941,1248.810425
2011.04.21_00:12:00_TAI,218.4,2.653752e+22,46.323,102.694,104.743,53.493,-0.09918443,3.884949e+13,0.00339102,1721.898,149.666,1.016543e+13,7.874589e+03,4.615866e+23,38.611,33.633,3.876,1243.676025
2011.04.21_00:24:00_TAI,218.6,2.655653e+22,45.924,103.322,105.312,53.782,-0.07606960,3.908724e+13,0.00335895,1722.273,147.529,1.030773e+13,7.907916e+03,4.612611e+23,38.421,33.166,3.955,1248.545654
2011.04.21_00:36:00_TAI,218.8,2.638800e+22,46.268,102.847,104.691,53.812,-0.06419179,3.905966e+13,0.00298624,1706.348,130.818,1.037856e+13,7.915889e+03,4.605383e+23,38.742,33.852,3.893,1242.920166
2011.04.21_00:48:00_TAI,219.0,2.653025e+22,46.225,102.752,104.462,53.681,-0.04140250,3.967214e+13,0.00302360,1711.758,133.930,1.059565e+13,7.844858e+03,4.615001e+23,38.817,33.754,3.919,1234.458984
2011.04.21_01:00:00_TAI,219.2,2.659190e+22,46.347,102.026,103.790,53.215,-0.07011551,3.965942e+13,0.00307612,1712.380,137.143,1.051818e+13,7.794604e+03,4.615148e+23,38.728,33.757,3.945,1233.110229
2011.04.21_01:12:00_TAI,219.4,2.630757e+22,46.045,103.011,104.719,53.636,0.03590743,3.902153e+13,0.00377922,1701.759,164.298,1.170711e+13,7.951582e+03,4.590877e+23,38.719,33.839,3.963,1240.758301
2011.04.21_01:24:00_TAI,219.6,2.635778e+22,45.888,103.455,105.405,53.666,-0.02456880,3.865455e+13,0.00359917,1697.729,156.225,1.104089e+13,7.952604e+03,4.584497e+23,38.472,33.259,3.888,1227.840210
2011.04.21_01:36:00_TAI,219.8,2.621550e+22,45.666,103.861,105.965,53.559,-0.03928770,3.820506e+13,0.00411089,1689.077,175.169,1.442171e+13,8.049390e+03,4.555201e+23,38.426,33.376,3.823,1224.421143
2011.04.21_01:48:00_TAI,220.0,2.630165e+22,45.429,104.235,106.287,53.765,-0.01396483,3.883483e+13,0.00382600,1714.633,163.588,1.208586e+13,8.020587e+03,4.554451e+23,38.206,33.018,3.825,1219.627808
2011.04.21_02:00:00_TAI,220.2,2.639529e+22,45.291,104.808,107.093,54.144,0.04931579,3.932272e+13,0.00349121,1735.118,149.295,1.174973e+13,8.004000e+03,4.546203e+23,38.118,32.757,3.844,1218.815918
2011.04.21_02:12:00_TAI,220.4,2.634534e+22,45.238,105.315,107.273,54.062,0.07308561,3.922892e+13,0.00322665,1742.071,137.436,1.061393e+13,8.028023e+03,4.541403e+23,38.069,32.771,3.797,1223.091675
2011.04.21_02:24:00_TAI,220.6,2.626407e+22,45.085,106.151,108.409,54.474,0.00431590,3.913950e+13,0.00315954,1730.764,133.191,1.023020e+13,8.107473e+03,4.538971e+23,38.047,32.558,3.847,1222.380981
2011.04.21_02:36:00_TAI,220.8,2.622690e+22,44.922,107.273,109.316,54.828,-0.02003190,3.951548e+13,0.00317142,1748.211,132.064,9.259736e+12,8.187926e+03,4.528231e+23,38.042,32.507,3.888,1229.608032
2011.04.21_02:48:00_TAI,221.0,2.614640e+22,45.011,108.518,110.666,55.675,0.03433419,3.920673e+13,0.00320749,1743.155,131.956,9.750399e+12,8.295376e+03,4.532462e+23,38.092,32.616,3.945,1228.682739
2011.04.21_03:00:00_TAI,221.2,2.618037e+22,44.989,109.673,112.006,56.296,-0.05828693,3.966896e+13,0.00292241,1774.086,119.342,9.562323e+12,8.367599e+03,4.538140e+23,38.003,32.663,3.795,1229.124268
2011.04.21_03:12:00_TAI,221.4,2.602762e+22,44.984,110.881,113.063,57.359,-0.02965053,3.997947e+13,0.00234709,1782.020,94.254,7.939053e+12,8.525298e+03,4.546905e+23,37.929,32.470,3.768,1236.658325
2011.04.21_03:24:00_TAI,221.6,2.576346e+22,44.601,113.157,115.268,58.442,-0.04097961,3.904924e+13,0.00249024,1798.183,96.343,8.877843e+12,8.816884e+03,4.530295e+23,37.491,31.246,3.892,1237.229614
2011.04.21_03:36:00_TAI,221.8,2.564286e+22,44.807,113.656,115.717,58.962,-0.08019547,3.909172e+13,0.00253038,1813.106,96.595,8.870737e+12,8.961357e+03,4.543120e+23,37.581,31.728,4.057,1234.529541
2011.04.21_03:48:00_TAI,222.0,2.568724e+22,44.853,113.376,115.064,59.414,-0.06633842,3.874893e+13,0.00243201,1796.639,93.156,6.799763e+12,8.920479e+03,4.537795e+23,37.585,31.926,4.070,1234.140625
2011.04.21_04:00:00_TAI,222.2,2.559012e+22,45.278,112.777,114.330,59.456,-0.16152941,3.865959e+13,0.00177159,1786.810,67.838,5.212588e+12,8.962787e+03,4.557889e+23,38.090,32.341,3.986,1239.892944
2011.04.21_04:12:00_TAI,222.4,2.566129e+22,45.382,112.659,114.195,59.516,-0.10882213,3.886205e+13,0.00184597,1788.929,71.149,6.555643e+12,8.912258e+03,4.562019e+23,38.131,32.513,3.975,1235.419312
2011.04.21_04:24:00_TAI,222.6,2.572661e+22,45.512,111.971,113.405,59.664,-0.09482872,3.852470e+13,0.00196735,1777.101,76.463,6.050817e+12,8.872663e+03,4.579930e+23,38.301,32.690,4.007,1240.218140
2011.04.21_04:36:00_TAI,222.8,2.584204e+22,45.202,112.677,113.800,59.965,-0.16131619,3.917722e+13,0.00260968,1813.159,101.921,7.504719e+12,8.845745e+03,4.588003e+23,38.035,32.316,4.024,1249.906006
2011.04.21_04:48:00_TAI,223.0,2.608573e+22,45.431,110.619,111.627,58.936,-0.14610057,3.927419e+13,0.00283263,1803.688,113.738,9.075733e+12,8.655283e+03,4.615427e+23,38.199,32.446,4.109,1251.616089
2011.04.21_05:00:00_TAI,223.2,2.634458e+22,45.067,110.416,111.389,58.490,-0.16193536,3.897521e+13,0.00284359,1800.812,115.709,8.765268e+12,8.589664e+03,4.641921e+23,38.132,32.191,4.119,1254.571655
2011.04.21_05:12:00_TAI,223.4,2.636485e+22,45.142,109.332,110.431,57.093,-0.17678940,3.911084e+13,0.00247241,1796.557,102.044,7.425791e+12,8.428909e+03,4.620085e+23,37.907,31.929,4.065,1254.324219
2011.04.21_05:24:00_TAI,223.6,2.639441e+22,45.106,108.862,109.967,56.473,-0.04502079,3.872008e+13,0.00319337,1773.211,133.342,9.037307e+12,8.266467e+03,4.584072e+23,38.083,32.043,4.113,1253.052368
2011.04.21_05:36:00_TAI,223.8,2.667628e+22,44.783,107.747,109.122,55.339,-0.09857335,3.877038e+13,0.00291513,1775.968,124.103,8.768260e+12,8.042518e+03,4.547040e+23,37.798,31.746,4.086,1251.462158
2011.04.21_05:48:00_TAI,224.0,2.678029e+22,44.567,105.698,107.124,54.078,-0.10576528,3.866762e+13,0.00252433,1743.735,108.869,6.304209e+12,7.909870e+03,4.530870e+23,37.659,31.473,4.070,1249.138062
2011.04.21_06:24:00_TAI,224.6,2.732607e+22,44.376,103.705,105.315,52.672,-0.05491192,3.885925e+13,0.00227922,1723.384,101.710,6.862284e+12,7.706602e+03,4.567546e+23,37.535,31.438,4.082,1245.817383
2011.04.21_06:36:00_TAI,224.8,2.738161e+22,44.271,103.786,105.247,52.726,-0.00862494,3.933745e+13,0.00215873,1723.026,96.761,6.817151e+12,7.659050e+03,4.559502e+23,37.534,31.185,4.065,1242.476196
2011.04.21_06:48:00_TAI,225.0,2.722208e+22,44.441,103.972,105.756,52.668,0.02409248,3.889722e+13,0.00176387,1702.456,78.164,5.776724e+12,7.768928e+03,4.572193e+23,37.751,31.407,3.979,1239.043213
2011.04.21_07:00:00_TAI,225.2,2.714338e+22,44.289,104.058,105.981,52.249,-0.02983417,3.873630e+13,0.00160238,1720.399,70.441,5.762266e+12,7.783176e+03,4.543884e+23,37.570,31.231,3.970,1244.791016
2011.04.21_07:12:00_TAI,225.4,2.725496e+22,44.040,104.931,106.562,52.557,0.03645810,3.955317e+13,0.00195074,1752.923,85.768,6.914105e+12,7.760616e+03,4.531640e+23,37.345,30.565,4.027,1248.764404
2011.04.21_07:24:00_TAI,225.6,2.691303e+22,43.936,105.562,107.569,53.002,0.07667898,3.906540e+13,0.00150598,1751.276,64.500,6.197982e+12,7.926792e+03,4.508770e+23,37.132,30.292,4.013,1257.045044
2011.04.21_07:36:00_TAI,225.8,2.648706e+22,43.750,106.924,108.680,53.669,0.06330829,3.864080e+13,0.00151416,1764.182,62.660,5.970492e+12,8.131350e+03,4.468973e+23,37.210,30.265,4.091,1241.148438
2011.04.21_07:48:00_TAI,226.0,2.633232e+22,43.481,107.428,109.365,53.741,0.01999819,3.795678e+13,0.00148190,1748.287,60.175,5.080126e+12,8.253012e+03,4.450786e+23,36.931,29.945,4.052,1244.767700
2011.04.21_08:00:00_TAI,226.2,2.585467e+22,43.471,107.802,109.726,54.024,0.03542969,3.737083e+13,0.00091979,1740.101,36.198,3.089655e+12,8.429374e+03,4.405852e+23,36.963,29.964,4.052,1231.470337
2011.04.21_08:12:00_TAI,226.4,2.554224e+22,43.369,107.964,109.769,54.112,-0.01638015,3.643110e+13,0.00116459,1689.314,44.886,2.840363e+12,8.522271e+03,4.362279e+23,36.747,29.704,4.045,1224.548828
2011.04.21_08:24:00_TAI,226.6,2.519016e+22,43.363,108.721,110.808,55.010,-0.01982410,3.596126e+13,0.00147712,1681.911,55.546,4.369296e+12,8.684662e+03,4.337216e+23,36.724,29.680,4.108,1232.640747
2011.04.21_08:36:00_TAI,226.8,2.507715e+22,43.522,109.472,111.362,55.524,-0.06123375,3.600611e+13,0.00149793,1696.382,55.931,4.143960e+12,8.763033e+03,4.345632e+23,36.750,29.994,4.093,1236.223999
2011.04.21_08:48:00_TAI,227.0,2.490780e+22,43.841,109.175,110.853,55.960,-0.14121468,3.606664e+13,0.00128007,1670.983,47.644,2.796694e+12,8.761575e+03,4.330829e+23,36.990,30.314,4.166,1235.062012
2011.04.21_09:00:00_TAI,227.2,2.478460e+22,43.856,108.949,110.201,56.017,-0.13557981,3.571184e+13,0.00129195,1659.006,47.860,3.809998e+12,8.773159e+03,4.316167e+23,37.063,30.466,4.139,1229.530884
2011.04.21_09:12:00_TAI,227.4,2.478700e+22,43.958,108.152,109.287,55.697,-0.16018295,3.562864e+13,0.00136796,1653.781,50.969,4.391708e+12,8.718162e+03,4.313887e+23,37.005,30.221,4.147,1222.362427
2011.04.21_09:24:00_TAI,227.6,2.467212e+22,44.158,107.896,108.755,55.692,-0.15614232,3.565555e+13,0.00136105,1635.812,50.845,3.424137e+12,8.681820e+03,4.307203e+23,37.177,30.575,4.083,1232.602905
2011.04.21_09:36:00_TAI,227.8,2.473401e+22,44.209,107.020,107.708,55.457,-0.19666293,3.546484e+13,0.00137862,1625.919,51.952,4.634795e+12,8.595556e+03,4.301734e+23,37.135,30.559,4.007,1219.630981
2011.04.21_09:48:00_TAI,228.0,2.488923e+22,43.934,107.278,107.960,55.471,-0.16380063,3.541252e+13,0.00132285,1627.533,50.143,4.050181e+12,8.500597e+03,4.279272e+23,36.933,30.402,4.134,1218.664795
2011.04.21_10:00:00_TAI,228.2,2.481376e+22,43.996,106.993,107.615,55.363,-0.15926805,3.515089e+13,0.00165127,1607.535,62.654,5.418567e+12,8.461507e+03,4.264091e+23,36.976,30.728,4.045,1212.254883
2011.04.21_10:12:00_TAI,228.4,2.487607e+22,44.390,106.227,106.561,55.035,-0.07856704,3.572110e+13,0.00168117,1614.285,64.843,4.601283e+12,8.384688e+03,4.294862e+23,37.390,31.327,3.996,1215.481567
2011.04.21_10:24:00_TAI,228.6,2.490280e+22,43.990,105.740,106.254,54.658,-0.10997399,3.502389e+13,0.00223164,1595.471,85.633,4.597267e+12,8.390831e+03,4.275945e+23,37.033,30.642,3.948,1214.508667
2011.04.21_10:36:00_TAI,228.8,2.506063e+22,44.248,105.029,105.340,54.288,-0.09281522,3.526662e+13,0.00235995,1601.517,92.229,6.997505e+12,8.267619e+03,4.291112e+23,37.032,30.636,4.046,1221.953247
2011.04.21_10:48:00_TAI,229.0,2.513865e+22,44.137,104.920,105.364,53.794,-0.05877452,3.528544e+13,0.00230724,1607.216,90.707,7.108653e+12,8.211302e+03,4.287290e+23,36.967,30.543,4.102,1217.421875
2011.04.21_11:00:00_TAI,229.2,2.523825e+22,44.038,105.384,105.676,54.106,-0.15047589,3.575533e+13,0.00233540,1620.587,92.239,7.743442e+12,8.160621e+03,4.280554e+23,36.797,30.147,4.049,1213.834229
2011.04.21_11:12:00_TAI,229.4,2.525251e+22,43.884,104.568,105.128,53.357,-0.05092644,3.514410e+13,0.00209037,1591.871,82.716,6.618198e+12,8.087721e+03,4.250263e+23,36.733,30.141,4.040,1219.630737
2011.04.21_11:24:00_TAI,229.6,2.537555e+22,43.991,105.358,105.798,53.882,-0.05671874,3.590713e+13,0.00174287,1623.207,69.560,5.402721e+12,8.047389e+03,4.265404e+23,36.864,30.465,4.033,1218.727783
2011.04.21_11:36:00_TAI,229.8,2.534854e+22,44.028,104.809,105.175,53.739,-0.08877981,3.591606e+13,0.00211456,1613.065,84.430,5.581488e+12,8.048271e+03,4.267690e+23,36.774,30.122,4.069,1220.804321
2011.04.21_11:48:00_TAI,230.0,2.547528e+22,43.962,103.636,103.918,52.921,-0.09275299,3.564963e+13,0.00188712,1609.656,76.128,5.642734e+12,7.949391e+03,4.258857e+23,36.736,30.017,4.137,1220.022217
2011.04.21_12:00:00_TAI,230.2,2.563152e+22,43.838,104.365,104.608,53.320,-0.09870332,3.640210e+13,0.00151256,1645.157,61.409,4.144245e+12,7.907928e+03,4.263740e+23,36.653,29.915,4.188,1216.752197
2011.04.21_12:12:00_TAI,230.4,2.566822e+22,43.771,104.808,105.051,53.453,-0.17435935,3.683937e+13,0.00135951,1661.489,55.221,4.349751e+12,7.896622e+03,4.259845e+23,36.642,29.537,4.168,1213.758789
2011.04.21_12:24:00_TAI,230.6,2.555281e+22,43.971,104.369,104.856,52.973,-0.15667501,3.643374e+13,0.00129400,1652.111,52.447,3.890085e+12,7.891732e+03,4.247985e+23,36.618,29.604,4.040,1215.265747
2011.04.21_12:36:00_TAI,230.8,2.546717e+22,43.772,105.242,105.664,53.521,-0.17704813,3.578303e+13,0.00138246,1630.479,55.305,3.848987e+12,8.033205e+03,4.268021e+23,36.535,29.091,4.144,1210.988403
2011.04.21_12:48:00_TAI,231.0,2.553008e+22,43.549,105.211,105.585,53.344,-0.17959958,3.615095e+13,0.00138051,1650.030,55.411,3.828738e+12,7.973702e+03,4.250704e+23,36.368,28.886,4.169,1204.490479
2011.04.21_13:00:00_TAI,231.2,2.545475e+22,43.423,105.053,105.486,53.254,-0.10399914,3.603116e+13,0.00086088,1632.991,34.260,2.198025e+12,8.023421e+03,4.240554e+23,36.296,28.967,4.166,1212.318481
2011.04.21_13:12:00_TAI,231.4,2.542008e+22,43.147,105.390,105.838,53.486,-0.16268791,3.545014e+13,0.00126578,1626.536,49.831,3.857291e+12,8.077632e+03,4.223613e+23,36.018,28.469,4.175,1201.524048
2011.04.21_13:24:00_TAI,231.6,2.555632e+22,42.719,106.445,107.328,53.796,-0.18124282,3.546187e+13,0.00124204,1648.291,48.662,3.771118e+12,8.102479e+03,4.216053e+23,35.615,27.837,4.194,1211.902100
2011.04.21_13:36:00_TAI,231.8,2.549080e+22,42.782,106.553,107.341,53.786,-0.14049625,3.542088e+13,0.00102582,1648.270,39.931,2.904218e+12,8.172999e+03,4.225069e+23,35.644,27.920,4.227,1209.082031
2011.04.21_13:48:00_TAI,232.0,2.522942e+22,42.907,107.161,108.317,54.060,-0.16920042,3.491386e+13,0.00129926,1648.880,49.499,3.423188e+12,8.338867e+03,4.219230e+23,35.867,28.373,4.208,1209.402466
2011.04.21_14:00:00_TAI,232.2,2.530428e+22,42.765,107.611,108.817,54.207,-0.14408566,3.529536e+13,0.00141810,1642.103,54.139,2.920987e+12,8.317241e+03,4.216903e+23,35.776,28.253,4.168,1197.672241
2011.04.21_14:12:00_TAI,232.4,2.522277e+22,43.056,107.756,108.907,54.390,-0.20296432,3.568047e+13,0.00069823,1656.293,26.665,4.116038e+12,8.351079e+03,4.235612e+23,36.061,28.588,4.141,1193.670166
2011.04.21_14:24:00_TAI,232.6,2.520993e+22,42.934,107.877,109.055,54.773,-0.20260270,3.546681e+13,0.00078316,1670.033,29.606,4.067102e+12,8.441809e+03,4.238355e+23,35.863,28.594,4.115,1194.443481
2011.04.21_14:36:00_TAI,232.8,2.524822e+22,42.822,108.026,109.275,54.559,-0.18328495,3.558679e+13,0.00147842,1669.146,55.812,3.673991e+12,8.458178e+03,4.240508e+23,35.945,28.648,4.085,1191.851929
2011.04.21_14:48:00_TAI,233.0,2.527767e+22,42.822,107.998,109.579,54.576,-0.18481340,3.548851e+13,0.00108032,1658.682,40.769,3.703388e+12,8.505876e+03,4.263065e+23,36.119,28.830,4.121,1194.397949
2011.04.21_15:00:00_TAI,233.2,2.524353e+22,42.957,107.705,109.544,54.634,-0.13697605,3.571592e+13,0.00100390,1689.890,37.795,2.738135e+12,8.579492e+03,4.289593e+23,36.247,28.923,4.168,1187.857300
2011.04.21_15:12:00_TAI,233.4,2.537397e+22,42.866,107.614,109.606,53.916,-0.13394779,3.548992e+13,0.00113769,1696.739,42.839,3.209744e+12,8.586529e+03,4.293910e+23,36.126,28.995,4.166,1188.593262
2011.04.21_15:24:00_TAI,233.6,2.559599e+22,42.523,107.609,110.044,53.697,-0.22382556,3.558839e+13,0.00073683,1699.010,27.851,4.491941e+12,8.567480e+03,4.300655e+23,35.850,28.472,4.177,1182.077393
2011.04.21_15:36:00_TAI,233.8,2.558459e+22,42.478,107.055,109.629,53.128,-0.15389007,3.545393e+13,0.00085105,1691.655,32.078,3.079954e+12,8.557025e+03,4.283701e+23,35.918,28.537,4.066,1179.071167
2011.04.21_15:48:00_TAI,234.0,2.581205e+22,42.292,106.494,108.999,52.684,-0.13291469,3.554281e+13,0.00066988,1705.460,25.544,2.842012e+12,8.527263e+03,4.318404e+23,35.742,28.117,4.087,1181.299683
2011.04.21_16:00:00_TAI,234.2,2.608223e+22,42.335,105.577,108.471,51.793,-0.10991127,3.589464e+13,0.00094867,1713.010,36.895,3.849297e+12,8.414241e+03,4.346205e+23,35.677,28.315,4.054,1179.367920
2011.04.21_16:12:00_TAI,234.4,2.658217e+22,42.365,104.577,107.699,50.669,-0.10284659,3.658990e+13,0.00075043,1715.409,30.176,2.696462e+12,8.219844e+03,4.389779e+23,35.784,28.366,4.161,1167.084351
2011.04.21_16:24:00_TAI,234.6,2.709938e+22,42.312,104.477,107.994,50.618,-0.04367358,3.812001e+13,0.00100667,1776.399,41.743,4.239749e+12,8.004769e+03,4.408122e+23,35.799,28.223,4.221,1168.597412
2011.04.21_16:36:00_TAI,234.8,2.755613e+22,42.103,103.558,106.942,50.202,0.00882052,3.840218e+13,0.00119560,1756.514,50.965,4.850446e+12,7.840771e+03,4.438808e+23,35.708,27.792,4.145,1169.818359
2011.04.21_17:12:00_TAI,235.4,2.849252e+22,42.418,100.455,103.497,48.542,-0.08047638,3.825656e+13,0.00163363,1694.917,74.971,5.625931e+12,7.407928e+03,4.514980e+23,36.017,27.941,4.197,1180.052979
2011.04.21_17:24:00_TAI,235.6,2.848063e+22,42.264,101.055,103.868,48.701,-0.06604502,3.806937e+13,0.00161690,1678.306,73.694,4.653899e+12,7.444523e+03,4.506239e+23,35.771,27.526,4.120,1175.702515
2011.04.21_17:36:00_TAI,235.8,2.870423e+22,42.155,100.546,103.582,47.906,-0.02625148,3.818558e+13,0.00179290,1695.339,82.732,5.980105e+12,7.324288e+03,4.488418e+23,35.408,27.299,4.261,1180.723877
2011.04.21_17:48:00_TAI,236.0,2.863017e+22,42.123,100.554,103.598,47.911,-0.05198591,3.797450e+13,0.00219012,1682.878,100.702,6.831940e+12,7.277171e+03,4.443790e+23,35.313,27.250,4.227,1171.169800
2011.04.21_18:24:00_TAI,236.6,2.809823e+22,41.886,102.068,104.303,48.878,-0.05507644,3.698252e+13,0.00232502,1666.404,103.305,6.145094e+12,7.493464e+03,4.421720e+23,35.292,27.145,4.229,1164.233521
2011.04.21_18:36:00_TAI,236.8,2.791644e+22,42.092,102.661,104.833,49.249,-0.08430953,3.690794e+13,0.00205779,1654.651,90.508,4.517929e+12,7.578262e+03,4.426768e+23,35.481,27.648,4.222,1163.749634
2011.04.21_18:48:00_TAI,237.0,2.791636e+22,42.230,103.778,105.753,49.946,-0.08286592,3.755417e+13,0.00220221,1685.380,96.301,5.412274e+12,7.582557e+03,4.403499e+23,35.617,27.956,4.261,1164.744873
2011.04.21_19:00:00_TAI,237.2,2.766010e+22,42.192,104.732,107.099,50.648,-0.11504027,3.676618e+13,0.00201935,1682.156,86.079,5.005371e+12,7.743450e+03,4.383712e+23,35.630,27.998,4.190,1161.597656
2011.04.21_19:12:00_TAI,237.4,2.744848e+22,42.354,105.617,107.945,51.251,-0.16374667,3.729455e+13,0.00189163,1718.430,79.097,3.958050e+12,7.861801e+03,4.365934e+23,35.694,28.214,4.157,1147.671509
2011.04.21_19:24:00_TAI,237.6,2.726674e+22,42.597,106.887,109.059,52.420,-0.09161990,3.735956e+13,0.00225171,1714.303,92.987,4.984847e+12,7.948643e+03,4.359479e+23,35.967,28.626,4.130,1149.146118
2011.04.21_19:36:00_TAI,237.8,2.718379e+22,42.621,107.741,109.876,52.700,-0.15853244,3.782753e+13,0.00187436,1748.809,76.811,3.449476e+12,8.030626e+03,4.370636e+23,36.126,28.874,4.150,1141.652222
2011.04.21_19:48:00_TAI,238.0,2.685004e+22,42.779,107.462,109.659,52.779,-0.25775900,3.748016e+13,0.00241491,1725.293,97.282,5.513494e+12,8.145494e+03,4.357971e+23,36.402,29.462,4.116,1133.706909
2011.04.21_20:00:00_TAI,238.2,2.686735e+22,42.506,107.965,110.638,52.627,-0.18859947,3.784563e+13,0.00231813,1762.632,92.915,5.242799e+12,8.155998e+03,4.341601e+23,36.131,28.855,4.120,1116.710815
2011.04.21_20:12:00_TAI,238.4,2.709725e+22,42.432,108.002,111.015,52.424,-0.17506212,3.859730e+13,0.00159965,1775.508,65.093,3.782554e+12,8.057917e+03,4.354668e+23,35.987,28.214,4.048,1117.071045
2011.04.21_20:24:00_TAI,238.6,2.697503e+22,42.446,106.412,109.279,51.324,-0.19312397,3.771869e+13,0.00145693,1727.954,59.118,4.161202e+12,8.024544e+03,4.324484e+23,36.087,28.653,4.017,1112.168335
2011.04.21_20:36:00_TAI,238.8,2.731462e+22,42.207,105.468,108.257,50.734,-0.07120094,3.816248e+13,0.00167310,1732.893,69.721,3.904796e+12,7.792616e+03,4.312714e+23,35.805,28.285,4.036,1108.184692
2011.04.21_20:48:00_TAI,239.0,2.740768e+22,42.288,104.242,107.134,49.737,-0.08170222,3.865553e+13,0.00184146,1743.743,77.954,4.661731e+12,7.704505e+03,4.331788e+23,36.032,28.553,3.981,1098.278442
2011.04.21_21:00:00_TAI,239.2,2.765643e+22,41.973,103.349,106.414,49.004,-0.01350759,3.799568e+13,0.00190440,1700.751,82.118,4.415354e+12,7.502543e+03,4.296651e+23,35.610,27.837,3.991,1092.776855
2011.04.21_21:12:00_TAI,239.4,2.794020e+22,42.056,101.605,104.589,48.111,-0.01981865,3.813523e+13,0.00188275,1679.559,83.476,3.908339e+12,7.334422e+03,4.318910e+23,35.606,27.864,3.906,1100.231934
2011.04.21_21:24:00_TAI,239.6,2.823182e+22,42.048,100.011,102.798,47.192,0.02425467,3.841914e+13,0.00200368,1664.144,91.288,3.843151e+12,7.183154e+03,4.346217e+23,35.664,27.799,3.953,1089.311401
2011.04.21_21:36:00_TAI,239.8,2.824066e+22,42.092,98.576,101.105,46.753,0.01974559,3.795991e+13,0.00193455,1644.500,88.860,2.437260e+12,7.096379e+03,4.328962e+23,35.806,28.182,4.104,1085.684448
2011.04.21_21:48:00_TAI,240.0,2.829185e+22,42.057,97.399,99.929,46.260,0.04680549,3.750271e+13,0.00234861,1611.805,108.534,3.437009e+12,7.031062e+03,4.315167e+23,35.609,28.152,4.078,1080.469238
2011.04.21_22:00:00_TAI,240.2,2.836680e+22,41.675,97.228,99.989,45.919,0.01957767,3.657087e+13,0.00283413,1591.098,130.571,4.343755e+12,6.950349e+03,4.252802e+23,35.152,27.224,3.961,1081.880737
2011.04.21_22:12:00_TAI,240.4,2.842301e+22,41.383,96.860,99.482,45.716,0.01791999,3.650168e+13,0.00287271,1589.601,132.573,3.957932e+12,6.893581e+03,4.225023e+23,34.858,26.611,3.989,1082.312988
2011.04.21_22:24:00_TAI,240.6,2.844413e+22,41.419,96.774,99.411,45.506,-0.00283985,3.606125e+13,0.00274903,1589.332,127.074,4.639266e+12,6.838752e+03,4.198413e+23,34.823,26.720,3.949,1071.477051
2011.04.21_22:36:00_TAI,240.8,2.833551e+22,41.354,96.428,99.344,45.203,0.04195323,3.571716e+13,0.00302611,1571.700,138.681,4.845317e+12,6.874779e+03,4.184193e+23,34.739,26.599,3.975,1076.956421
2011.04.21_22:48:00_TAI,241.0,2.826705e+22,41.054,95.778,98.831,44.628,0.02405242,3.475453e+13,0.00293729,1554.207,134.061,4.434252e+12,6.860246e+03,4.158310e+23,34.508,26.254,3.953,1072.366455
2011.04.21_23:00:00_TAI,241.2,2.805977e+22,41.308,95.646,98.317,44.979,0.01392167,3.455964e+13,0.00296888,1532.611,134.716,4.557895e+12,6.894685e+03,4.154921e+23,34.832,26.835,4.010,1055.804443
2011.04.21_23:12:00_TAI,241.4,2.817934e+22,41.222,95.679,98.538,44.858,0.02012035,3.516920e+13,0.00302508,1563.603,138.007,4.310608e+12,6.843339e+03,4.146246e+23,34.511,26.356,4.128,1061.006470
2011.04.21_23:24:00_TAI,241.6,2.827718e+22,41.289,94.971,97.794,44.658,-0.01042138,3.505356e+13,0.00284705,1559.688,130.885,3.963180e+12,6.795516e+03,4.149127e+23,34.510,26.334,4.102,1053.619995
2011.04.21_23:36:00_TAI,241.8,2.838415e+22,41.060,94.911,97.608,44.819,-0.02032356,3.543596e+13,0.00317165,1570.661,146.166,5.620918e+12,6.771621e+03,4.144520e+23,34.395,26.331,4.109,1058.726318
2011.04.21_23:48:00_TAI,242.0,2.839025e+22,41.075,94.899,97.445,44.514,-0.02500456,3.531042e+13,0.00327366,1561.903,151.355,6.027307e+12,6.718191e+03,4.125291e+23,34.320,26.301,4.073,1054.281372
2011.04.22_00:00:00_TAI,242.2,2.854167e+22,40.949,94.700,97.418,44.342,-0.02252734,3.502597e+13,0.00301989,1575.880,140.081,4.493977e+12,6.703204e+03,4.129442e+23,34.088,25.880,4.018,1054.718750
2011.04.22_00:12:00_TAI,242.4,2.873183e+22,40.983,94.632,97.359,44.440,0.00253424,3.576983e+13,0.00276594,1582.736,130.101,4.007351e+12,6.620362e+03,4.135909e+23,34.270,26.122,4.024,1068.063477
2011.04.22_00:24:00_TAI,242.6,2.839474e+22,41.156,94.224,97.061,44.304,0.05533843,3.503158e+13,0.00283378,1567.281,130.901,4.449023e+12,6.721677e+03,4.123683e+23,34.464,26.408,3.983,1060.711548
2011.04.22_00:36:00_TAI,242.8,2.845197e+22,40.849,95.133,97.895,44.327,-0.02945505,3.508929e+13,0.00287464,1564.729,132.650,4.996307e+12,6.709098e+03,4.111599e+23,34.179,25.799,4.010,1067.627686
2011.04.22_00:48:00_TAI,243.0,2.850694e+22,40.738,94.988,97.652,44.467,0.04411114,3.508534e+13,0.00300931,1557.868,139.033,7.316495e+12,6.705725e+03,4.114431e+23,34.145,25.603,4.052,1061.120361
2011.04.22_01:00:00_TAI,243.2,2.860463e+22,40.674,94.619,97.385,44.340,0.04705755,3.485841e+13,0.00271496,1551.821,125.944,5.134224e+12,6.647308e+03,4.095272e+23,34.040,25.408,3.917,1054.518799
2011.04.22_01:12:00_TAI,243.4,2.844030e+22,40.463,94.727,97.440,43.927,0.03434337,3.399346e+13,0.00266276,1527.242,122.173,6.184670e+12,6.673390e+03,4.066319e+23,33.992,25.439,3.896,1050.128784
2011.04.22_01:24:00_TAI,243.6,2.849133e+22,40.276,95.062,97.966,43.938,0.02809210,3.429038e+13,0.00276203,1537.073,126.595,5.981676e+12,6.638182e+03,4.040723e+23,33.712,25.051,3.927,1056.304688
2011.04.22_01:36:00_TAI,243.8,2.852149e+22,40.249,95.344,98.052,43.964,0.03693945,3.477156e+13,0.00275849,1552.645,126.692,6.355626e+12,6.643561e+03,4.052732e+23,33.879,25.371,3.837,1054.295898
2011.04.22_01:48:00_TAI,244.0,2.873821e+22,40.557,94.842,97.666,44.114,-0.03842944,3.544729e+13,0.00283182,1575.389,131.994,6.556402e+12,6.613742e+03,4.094180e+23,34.214,25.617,3.828,1051.817017
2011.04.22_02:00:00_TAI,244.2,2.880092e+22,40.583,94.723,97.334,43.795,-0.00186623,3.542986e+13,0.00280573,1562.773,131.207,7.215954e+12,6.574321e+03,4.083047e+23,34.283,25.786,3.895,1051.512207
2011.04.22_02:12:00_TAI,244.4,2.873598e+22,40.835,94.828,97.963,43.825,0.01486769,3.570157e+13,0.00273239,1568.012,127.458,6.459621e+12,6.590127e+03,4.082624e+23,34.498,26.158,3.912,1048.330322
2011.04.22_02:24:00_TAI,244.6,2.890710e+22,40.882,95.734,98.637,44.177,-0.04942722,3.640974e+13,0.00261071,1592.472,122.084,5.665616e+12,6.617239e+03,4.109613e+23,34.503,26.221,3.876,1049.622803
2011.04.22_02:36:00_TAI,244.8,2.910039e+22,40.887,96.792,99.559,44.634,-0.02090893,3.713704e+13,0.00254089,1621.954,119.762,7.304603e+12,6.637792e+03,4.154996e+23,34.682,26.514,3.873,1055.859253
2011.04.22_02:48:00_TAI,245.0,2.902808e+22,40.951,97.741,100.526,44.896,-0.00886848,3.713512e+13,0.00234006,1619.840,109.288,7.141454e+12,6.722291e+03,4.169499e+23,34.825,26.914,4.002,1056.169189
2011.04.22_03:00:00_TAI,245.2,2.912664e+22,40.918,98.621,101.603,45.530,-0.06178005,3.801226e+13,0.00225919,1652.153,105.570,7.215524e+12,6.762447e+03,4.196741e+23,34.783,26.779,3.987,1057.304443
2011.04.22_03:12:00_TAI,245.4,2.902690e+22,40.857,99.610,102.584,46.246,-0.04092632,3.833688e+13,0.00224426,1666.153,103.622,7.517480e+12,6.848785e+03,4.199752e+23,34.984,26.851,3.980,1059.402588
2011.04.22_03:24:00_TAI,245.6,2.871961e+22,41.160,100.359,103.540,46.625,-0.03632319,3.783589e+13,0.00190152,1672.831,86.012,5.232242e+12,6.993735e+03,4.201423e+23,35.073,27.012,3.992,1057.661377
2011.04.22_03:36:00_TAI,245.8,2.866742e+22,40.979,101.535,104.593,47.163,-0.09494472,3.765385e+13,0.00230212,1687.878,102.451,5.783193e+12,7.125387e+03,4.211433e+23,35.016,26.894,4.028,1055.443604
2011.04.22_03:48:00_TAI,246.0,2.854482e+22,41.309,102.152,105.287,48.118,-0.07515610,3.801609e+13,0.00233836,1699.789,102.977,6.773835e+12,7.208755e+03,4.216095e+23,35.083,26.899,4.085,1048.855591
2011.04.22_04:00:00_TAI,246.2,2.851722e+22,41.199,102.813,105.640,48.483,-0.13949719,3.798894e+13,0.00197790,1701.157,86.300,4.781972e+12,7.284299e+03,4.220904e+23,35.147,26.916,4.091,1052.807739
2011.04.22_04:12:00_TAI,246.4,2.846863e+22,41.255,103.987,106.903,49.184,-0.14217989,3.807621e+13,0.00152067,1722.946,65.574,4.347622e+12,7.367265e+03,4.219373e+23,35.140,27.195,4.011,1056.765869
2011.04.22_04:24:00_TAI,246.6,2.848497e+22,41.212,104.438,107.503,49.218,-0.13987660,3.800108e+13,0.00150808,1748.339,64.433,3.809978e+12,7.438095e+03,4.220624e+23,35.013,26.885,4.069,1055.854370
2011.04.22_04:36:00_TAI,246.8,2.861241e+22,41.219,104.170,107.026,49.065,-0.16203202,3.782386e+13,0.00169123,1743.693,72.828,4.472323e+12,7.381746e+03,4.221491e+23,34.974,26.905,4.227,1058.364380
2011.04.22_04:48:00_TAI,247.0,2.861030e+22,40.915,103.732,106.746,49.271,-0.25679305,3.772707e+13,0.00189609,1743.847,80.938,6.171343e+12,7.391754e+03,4.190402e+23,34.647,26.289,4.261,1060.154541
2011.04.22_05:00:00_TAI,247.2,2.884892e+22,40.977,103.351,106.148,49.290,-0.27540195,3.831708e+13,0.00167823,1775.142,72.605,6.333770e+12,7.378918e+03,4.239670e+23,34.852,26.703,4.193,1067.576538
2011.04.22_05:12:00_TAI,247.4,2.911794e+22,40.882,102.091,104.829,48.445,-0.18149754,3.845129e+13,0.00197681,1763.461,87.203,5.409805e+12,7.260524e+03,4.253699e+23,34.740,26.485,4.218,1076.204224
2011.04.22_05:24:00_TAI,247.6,2.928849e+22,40.941,101.230,104.007,48.256,-0.17718776,3.818508e+13,0.00176503,1744.345,78.987,4.215172e+12,7.198897e+03,4.278400e+23,34.678,26.569,4.195,1081.417847
2011.04.22_05:36:00_TAI,247.8,2.955841e+22,40.658,100.338,103.393,47.447,-0.13506849,3.826121e+13,0.00183529,1738.842,83.526,3.325954e+12,7.090933e+03,4.285993e+23,34.325,25.729,4.157,1089.060059
2011.04.22_05:48:00_TAI,248.0,2.976267e+22,40.455,99.347,102.253,46.855,-0.12421275,3.776847e+13,0.00214822,1729.602,99.091,5.318232e+12,6.992109e+03,4.283461e+23,34.301,25.448,4.189,1087.174194
2011.04.22_06:24:00_TAI,248.6,3.052082e+22,39.968,95.402,98.382,44.406,-0.08390523,3.724295e+13,0.00241470,1695.145,116.712,6.533363e+12,6.622954e+03,4.251430e+23,33.761,24.845,4.191,1107.314209
2011.04.22_06:36:00_TAI,248.8,3.079246e+22,39.958,95.007,98.074,44.444,-0.07325864,3.786157e+13,0.00179175,1704.872,87.672,3.973029e+12,6.603112e+03,4.290958e+23,33.863,24.661,4.202,1104.255005
2011.04.22_06:48:00_TAI,249.0,3.105210e+22,39.732,94.448,97.693,44.159,-0.12412397,3.810196e+13,0.00198798,1711.644,98.037,5.867640e+12,6.537968e+03,4.281966e+23,33.647,24.388,4.291,1099.590454
2011.04.22_07:00:00_TAI,249.2,3.112133e+22,39.890,94.615,97.721,44.313,-0.11111751,3.811666e+13,0.00179227,1712.073,88.617,3.886454e+12,6.515852e+03,4.278904e+23,33.785,25.000,4.218,1110.503662
2011.04.22_07:12:00_TAI,249.4,3.114760e+22,39.929,94.236,97.484,44.370,-0.11557073,3.825748e+13,0.00192154,1698.404,94.974,5.463575e+12,6.508566e+03,4.272304e+23,33.844,24.859,4.207,1103.502686
2011.04.22_07:24:00_TAI,249.6,3.116940e+22,40.144,94.311,97.686,44.463,-0.09086829,3.840766e+13,0.00167884,1700.892,83.324,4.435696e+12,6.503779e+03,4.286868e+23,34.097,25.332,4.128,1097.240356
2011.04.22_07:36:00_TAI,249.8,3.123245e+22,40.045,95.320,98.663,44.917,-0.12909721,3.879490e+13,0.00169741,1737.457,83.747,3.386094e+12,6.576128e+03,4.308967e+23,34.079,25.298,4.200,1098.300171
2011.04.22_07:48:00_TAI,250.0,3.091814e+22,40.098,95.510,98.727,45.014,-0.07196246,3.842463e+13,0.00195946,1721.126,94.975,5.333755e+12,6.716093e+03,4.323259e+23,34.374,25.597,4.210,1094.960327
2011.04.22_08:00:00_TAI,250.2,3.071768e+22,39.827,96.447,99.439,45.484,-0.14298706,3.830144e+13,0.00180960,1741.981,85.763,4.540331e+12,6.835976e+03,4.302654e+23,33.996,24.942,4.236,1086.593506
2011.04.22_08:12:00_TAI,250.4,3.019690e+22,39.665,97.243,100.681,45.821,-0.13823569,3.786222e+13,0.00181740,1737.588,83.322,5.488462e+12,6.949845e+03,4.231542e+23,33.679,24.231,4.269,1089.047729
2011.04.22_08:24:00_TAI,250.6,2.976592e+22,39.874,98.005,101.385,46.243,-0.16775969,3.709935e+13,0.00160957,1717.942,72.268,4.214841e+12,7.070481e+03,4.215977e+23,34.027,24.954,4.239,1094.826660
2011.04.22_08:36:00_TAI,250.8,2.956953e+22,39.562,98.814,102.188,46.565,-0.21617405,3.705193e+13,0.00138039,1715.005,60.973,5.076040e+12,7.103020e+03,4.166800e+23,33.665,24.538,4.234,1091.572021
2011.04.22_08:48:00_TAI,251.0,2.941756e+22,39.440,99.686,102.659,46.947,-0.29377714,3.654270e+13,0.00071358,1718.874,31.047,6.794641e+12,7.173718e+03,4.145111e+23,33.388,23.956,4.218,1091.272217
2011.04.22_09:00:00_TAI,251.2,2.895364e+22,39.471,101.037,103.978,47.330,-0.28736711,3.596687e+13,0.00028327,1706.468,12.006,6.474450e+12,7.290335e+03,4.103573e+23,33.478,24.415,4.180,1075.788452
2011.04.22_09:12:00_TAI,251.4,2.888275e+22,39.695,100.410,103.346,47.271,-0.27907068,3.625249e+13,0.00009004,1712.228,3.832,6.313996e+12,7.244612e+03,4.095057e+23,33.491,24.458,4.190,1083.049683
2011.04.22_09:24:00_TAI,251.6,2.862912e+22,39.617,100.849,103.786,47.629,-0.21562509,3.609690e+13,0.00027914,1725.992,11.689,4.799606e+12,7.330082e+03,4.076395e+23,33.529,24.619,4.178,1083.326904
2011.04.22_09:36:00_TAI,251.8,2.851217e+22,39.853,100.482,103.406,47.767,-0.21622251,3.543204e+13,0.00004231,1696.859,1.769,4.805931e+12,7.360521e+03,4.087457e+23,33.654,25.017,4.172,1071.033936
2011.04.22_09:48:00_TAI,252.0,2.835451e+22,40.042,100.217,102.760,47.617,-0.23290439,3.540016e+13,-0.00012799,1698.404,5.349,5.173410e+12,7.377640e+03,4.094416e+23,33.848,25.337,4.241,1075.449463
2011.04.22_10:00:00_TAI,252.2,2.841325e+22,39.995,100.330,102.917,47.598,-0.26985723,3.542584e+13,0.00047598,1688.384,20.010,6.030416e+12,7.301509e+03,4.076699e+23,33.820,25.108,4.248,1077.881836
2011.04.22_10:12:00_TAI,252.4,2.834265e+22,40.018,99.777,102.733,47.557,-0.19236575,3.512053e+13,0.00054353,1672.622,22.852,4.298761e+12,7.274233e+03,4.061566e+23,33.848,25.393,4.311,1082.636353
2011.04.22_10:24:00_TAI,252.6,2.832296e+22,40.045,99.497,102.110,47.510,-0.19734108,3.482255e+13,0.00057781,1660.490,24.296,4.410700e+12,7.242578e+03,4.044660e+23,33.804,25.215,4.237,1075.234009
2011.04.22_10:36:00_TAI,252.8,2.840224e+22,39.597,98.980,101.628,47.167,-0.23965499,3.454318e+13,0.00038565,1664.190,16.266,5.372640e+12,7.144278e+03,4.001908e+23,33.347,24.472,4.186,1075.780029
2011.04.22_10:48:00_TAI,253.0,2.864051e+22,39.831,97.604,99.944,46.387,-0.20876674,3.469277e+13,0.00072202,1652.706,30.985,4.761753e+12,7.015032e+03,3.998079e+23,33.585,24.693,4.124,1074.446899
2011.04.22_11:00:00_TAI,253.2,2.875327e+22,39.622,97.739,100.037,46.568,-0.19503766,3.498462e+13,0.00117038,1684.451,50.491,4.472045e+12,6.969247e+03,3.992995e+23,33.376,24.099,4.182,1063.401733
2011.04.22_11:12:00_TAI,253.4,2.880900e+22,39.587,97.433,100.357,46.402,-0.22720833,3.499308e+13,0.00130274,1669.444,56.101,5.200523e+12,6.958378e+03,3.979837e+23,33.308,24.251,4.263,1077.646240
2011.04.22_11:24:00_TAI,253.6,2.889497e+22,39.436,98.093,101.014,46.804,-0.14482729,3.491726e+13,0.00075492,1674.861,32.583,3.322161e+12,6.936249e+03,3.975930e+23,32.930,23.650,4.225,1064.658936
2011.04.22_11:36:00_TAI,253.8,2.893147e+22,39.586,98.071,100.856,46.619,-0.15089655,3.512783e+13,0.00053138,1678.538,23.058,3.479912e+12,6.965003e+03,4.013872e+23,33.235,24.125,4.208,1063.902588
2011.04.22_11:48:00_TAI,254.0,2.885272e+22,39.677,98.208,100.938,46.803,-0.19498049,3.524425e+13,0.00034363,1685.162,14.884,4.488377e+12,6.985933e+03,4.018698e+23,33.264,24.240,4.273,1071.383301
2011.04.22_12:00:00_TAI,254.2,2.895300e+22,39.526,97.469,100.295,46.299,-0.17965581,3.551551e+13,0.00065329,1708.615,28.402,4.150792e+12,6.929890e+03,4.001183e+23,33.122,24.057,4.199,1078.743896
2011.04.22_12:12:00_TAI,254.4,2.886779e+22,39.594,96.674,99.042,45.965,-0.17893988,3.450547e+13,0.00116100,1668.483,50.138,4.106582e+12,6.959647e+03,3.991561e+23,33.262,24.399,4.147,1074.233276
2011.04.22_12:24:00_TAI,254.6,2.906755e+22,39.874,96.564,98.998,45.770,-0.15034299,3.505026e+13,-0.00000297,1678.247,0.131,3.515572e+12,6.890371e+03,4.026682e+23,33.497,24.950,4.168,1066.120605
2011.04.22_12:36:00_TAI,254.8,2.904211e+22,39.834,96.510,99.000,45.938,-0.13953739,3.516857e+13,0.00012853,1681.793,5.647,3.257932e+12,6.907647e+03,4.030725e+23,33.592,24.972,4.155,1075.227051
2011.04.22_12:48:00_TAI,255.0,2.900820e+22,39.976,96.436,98.994,46.215,-0.11937819,3.529391e+13,-0.00014521,1697.147,6.373,2.784019e+12,6.948831e+03,4.050140e+23,33.774,25.114,4.243,1071.393921
2011.04.22_13:00:00_TAI,255.2,2.914168e+22,39.715,96.902,99.601,46.170,-0.17314424,3.550225e+13,-0.00010462,1692.129,4.585,4.032197e+12,6.955393e+03,4.048331e+23,33.534,24.866,4.264,1069.903931
2011.04.22_13:12:00_TAI,255.4,2.907940e+22,39.546,96.997,99.556,46.297,-0.14432365,3.523741e+13,-0.00010909,1681.549,4.751,3.340243e+12,6.965198e+03,4.029063e+23,33.353,24.524,4.238,1062.379639
2011.04.22_13:24:00_TAI,255.6,2.915365e+22,39.129,97.244,99.897,46.315,-0.10567227,3.480089e+13,-0.00063441,1688.633,27.454,2.429750e+12,6.979592e+03,4.011158e+23,32.929,23.779,4.280,1060.629272
2011.04.22_13:36:00_TAI,255.8,2.920551e+22,39.077,97.395,100.095,46.458,-0.18649597,3.576742e+13,0.00035274,1727.126,15.234,4.279638e+12,6.990323e+03,4.009434e+23,33.061,24.001,4.298,1058.871582
2011.04.22_13:48:00_TAI,256.0,2.923636e+22,38.859,98.300,101.446,46.587,-0.23092766,3.533298e+13,-0.00012263,1725.510,5.249,5.251524e+12,7.041235e+03,4.002353e+23,32.812,23.717,4.298,1064.541382
2011.04.22_14:00:00_TAI,256.2,2.910691e+22,38.871,98.306,101.079,46.658,-0.21328110,3.553089e+13,0.00002625,1724.566,1.118,4.827351e+12,7.019177e+03,3.971078e+23,32.866,23.648,4.299,1060.552979
2011.04.22_14:12:00_TAI,256.4,2.924649e+22,39.071,97.709,100.614,46.661,-0.22627907,3.608196e+13,-0.00051552,1752.389,22.087,5.151020e+12,7.085926e+03,4.031990e+23,33.092,24.229,4.321,1055.145264
2011.04.22_14:24:00_TAI,256.6,2.922152e+22,39.311,97.393,100.700,46.407,-0.14928417,3.580722e+13,-0.00132145,1755.947,56.553,3.394518e+12,7.118976e+03,4.046353e+23,33.355,24.589,4.288,1056.066406
2011.04.22_14:36:00_TAI,256.8,2.956593e+22,39.025,96.610,100.071,45.839,-0.23427570,3.604259e+13,0.00036498,1750.661,15.786,5.383521e+12,6.941568e+03,3.987369e+23,33.007,23.947,4.260,1063.245361
2011.04.22_14:48:00_TAI,257.0,2.990943e+22,38.759,95.986,99.258,45.391,-0.24218899,3.600383e+13,0.00199752,1784.330,87.138,5.613006e+12,6.925603e+03,4.012321e+23,32.946,23.739,4.240,1056.262573
2011.04.22_15:00:00_TAI,257.2,3.019096e+22,38.539,95.501,98.741,45.052,-0.24706596,3.615302e+13,0.00172393,1797.419,75.629,5.758497e+12,6.857024e+03,3.995175e+23,32.908,23.671,4.256,1066.360718
2011.04.22_15:12:00_TAI,257.4,3.043288e+22,38.605,94.838,98.505,44.816,-0.19424893,3.695914e+13,-0.00047346,1803.328,21.132,4.606131e+12,6.840958e+03,4.055133e+23,32.989,23.674,4.273,1074.467529
2011.04.22_15:24:00_TAI,257.6,3.071600e+22,38.557,94.589,98.428,44.661,-0.14817569,3.650352e+13,0.00054913,1755.926,24.812,4.449107e+12,6.745142e+03,4.047515e+23,32.987,23.831,4.355,1079.590088
2011.04.22_15:36:00_TAI,257.8,3.115869e+22,38.469,93.955,97.904,44.068,-0.17106998,3.715249e+13,0.00027902,1774.639,12.840,4.182167e+12,6.618472e+03,4.044897e+23,32.871,23.336,4.355,1068.051025
2011.04.22_15:48:00_TAI,258.0,3.152359e+22,38.658,93.233,97.191,43.972,-0.18067540,3.772955e+13,0.00230613,1832.527,108.190,7.017058e+12,6.572263e+03,4.094775e+23,33.173,23.662,4.326,1056.686035
2011.04.22_16:00:00_TAI,258.2,3.194005e+22,38.580,92.673,96.623,43.352,-0.16201439,3.777913e+13,0.00095878,1757.835,45.990,4.128611e+12,6.467903e+03,4.120462e+23,33.149,23.606,4.250,1051.665405
2011.04.22_16:12:00_TAI,258.4,3.228024e+22,38.926,91.657,95.660,42.968,-0.12329452,3.822201e+13,0.00095683,1760.091,47.054,3.872689e+12,6.377076e+03,4.164904e+23,33.452,24.041,4.289,1046.774414
2011.04.22_16:24:00_TAI,258.6,3.275748e+22,38.379,91.267,94.922,42.465,-0.17430320,3.863148e+13,0.00235135,1807.333,117.330,6.887853e+12,6.262405e+03,4.150059e+23,MISSING,22.808,4.242,1042.057495
2011.04.22_16:36:00_TAI,258.8,3.292279e+22,38.483,90.025,93.984,41.644,-0.15299907,3.826577e+13,0.00119861,1755.111,60.845,4.381993e+12,6.099477e+03,4.112236e+23,32.734,22.939,4.193,1041.926880
2011.04.22_16:48:00_TAI,259.0,3.299871e+22,38.773,88.638,92.241,41.154,-0.14222105,3.804859e+13,0.00235689,1788.706,120.645,6.125617e+12,6.058760e+03,4.118822e+23,32.903,23.519,4.210,1036.242798
2011.04.22_17:00:00_TAI,259.2,3.329726e+22,38.440,88.466,92.203,41.179,-0.13986745,3.844571e+13,0.00260342,1788.059,134.688,6.811330e+12,5.967370e+03,4.100360e+23,32.666,22.971,4.354,1042.784058
2011.04.22_17:12:00_TAI,259.4,3.301343e+22,38.663,88.118,91.551,41.050,-0.07235195,3.723456e+13,0.00287044,1746.004,147.544,6.197114e+12,5.953517e+03,4.064433e+23,32.620,23.106,4.333,1041.791382
2011.04.22_17:24:00_TAI,259.6,3.303765e+22,38.513,87.742,91.186,40.959,-0.05811516,3.710660e+13,0.00279001,1742.223,143.739,5.798785e+12,5.936369e+03,4.061793e+23,32.477,22.849,4.271,1038.917480
2011.04.22_17:36:00_TAI,259.8,3.273970e+22,38.304,87.890,91.449,40.930,-0.08357660,3.616634e+13,0.00266349,1718.293,134.437,5.890298e+12,6.020578e+03,4.035697e+23,32.250,22.616,4.317,1038.491333
2011.04.22_17:48:00_TAI,260.0,3.262883e+22,38.477,87.560,91.211,40.856,-0.05781412,3.664865e+13,0.00226370,1741.171,114.360,5.202716e+12,5.971015e+03,4.006360e+23,32.192,22.772,4.344,1032.305664
2011.04.22_18:24:00_TAI,260.6,3.219019e+22,38.117,90.583,93.962,42.368,-0.15133530,3.603595e+13,0.00243059,1743.659,117.668,5.954120e+12,6.181493e+03,3.974368e+23,31.959,22.287,4.283,1019.620911
2011.04.22_18:36:00_TAI,260.8,3.201760e+22,38.291,90.740,94.213,42.390,-0.20871297,3.627626e+13,0.00220513,1742.416,105.985,5.556757e+12,6.219844e+03,3.970196e+23,32.309,22.741,4.333,1028.277588
2011.04.22_18:48:00_TAI,261.0,3.184191e+22,38.717,91.772,95.228,43.276,-0.21525109,3.654314e+13,0.00257576,1749.215,122.567,7.513125e+12,6.316677e+03,3.991823e+23,32.809,23.751,4.299,1021.242310
2011.04.22_19:00:00_TAI,261.2,3.160441e+22,38.397,93.062,96.461,43.906,-0.21321179,3.634898e+13,0.00252051,1767.806,116.755,5.962814e+12,6.443947e+03,3.964167e+23,32.560,23.324,4.284,1017.447754
2011.04.22_19:12:00_TAI,261.4,3.135951e+22,38.841,93.465,97.251,44.581,-0.22566549,3.651607e+13,0.00232294,1783.380,106.158,6.470911e+12,6.557805e+03,3.980040e+23,33.007,23.689,4.306,1023.317261
2011.04.22_19:24:00_TAI,261.6,3.140383e+22,39.070,93.548,97.324,44.947,-0.22186914,3.713211e+13,0.00250975,1803.518,115.155,7.203968e+12,6.530585e+03,3.979650e+23,33.194,24.068,4.249,1017.232788
2011.04.22_19:36:00_TAI,261.8,3.143990e+22,39.217,93.604,97.377,45.272,-0.11711554,3.718982e+13,0.00159769,1788.360,73.470,5.434345e+12,6.560951e+03,4.006867e+23,33.429,24.429,4.279,1008.069214
2011.04.22_19:48:00_TAI,262.0,3.151500e+22,39.162,93.666,97.787,45.357,-0.07713601,3.769187e+13,0.00154942,1792.022,71.270,3.781868e+12,6.579472e+03,4.019314e+23,33.310,24.224,4.272,1010.428894
2011.04.22_20:00:00_TAI,262.2,3.184497e+22,39.008,93.662,97.619,45.053,-0.09874339,3.814051e+13,0.00187389,1814.507,87.241,5.464619e+12,6.449990e+03,3.988014e+23,33.111,23.593,4.197,1007.167114
2011.04.22_20:12:00_TAI,262.4,3.207900e+22,38.709,92.914,97.194,44.504,-0.12874374,3.809430e+13,0.00194098,1803.225,91.515,5.050556e+12,6.321087e+03,3.958430e+23,32.717,23.338,4.176,998.624817
2011.04.22_20:24:00_TAI,262.6,3.254419e+22,38.569,91.298,95.447,43.639,-0.08887853,3.793438e+13,0.00223266,1779.033,108.378,6.237128e+12,6.135675e+03,3.955420e+23,32.443,22.615,4.073,990.923035
2011.04.22_20:36:00_TAI,262.8,3.247589e+22,38.408,89.908,93.911,43.071,-0.08409412,3.721768e+13,0.00178368,1739.473,86.833,4.814470e+12,6.074488e+03,3.927350e+23,32.361,22.488,4.152,985.578247
2011.04.22_20:48:00_TAI,263.0,3.260507e+22,38.392,88.361,92.289,42.304,-0.05152218,3.756853e+13,0.00179022,1741.201,88.799,4.590733e+12,5.888914e+03,3.879321e+23,32.244,22.511,4.067,977.620544
2011.04.22_21:00:00_TAI,263.2,3.294959e+22,38.504,87.169,90.734,41.429,-0.08794916,3.727483e+13,0.00147574,1703.496,74.911,3.199644e+12,5.793786e+03,3.905910e+23,32.103,22.199,4.102,971.506287
2011.04.22_21:12:00_TAI,263.4,3.281914e+22,37.994,85.823,89.236,41.037,-0.11713811,3.700349e+13,0.00147885,1695.035,74.737,3.145404e+12,5.721756e+03,3.840255e+23,31.789,21.760,4.089,967.990234
2011.04.22_21:24:00_TAI,263.6,3.309036e+22,38.025,85.197,88.622,41.089,-0.07947361,3.694656e+13,0.00176989,1699.763,90.779,4.437676e+12,5.606742e+03,3.819203e+23,31.497,21.311,4.023,959.608826
2011.04.22_21:36:00_TAI,263.8,3.322676e+22,38.266,83.919,87.614,40.336,-0.08375249,3.718287e+13,0.00170732,1697.225,89.419,3.801332e+12,5.515579e+03,3.836507e+23,31.798,21.762,4.143,960.359985
2011.04.22_21:48:00_TAI,264.0,3.295402e+22,37.869,84.145,88.173,40.518,-0.09342508,3.625904e+13,0.00174820,1672.980,89.625,3.214484e+12,5.564731e+03,3.788814e+23,31.471,21.544,4.219,977.800293
2011.04.22_22:00:00_TAI,264.2,3.287496e+22,37.806,83.670,87.456,40.314,-0.07525899,3.628362e+13,0.00187171,1663.549,95.779,2.780352e+12,5.561005e+03,3.779335e+23,31.179,21.513,4.292,967.317017
2011.04.22_22:12:00_TAI,264.4,3.291991e+22,37.672,83.103,86.947,39.981,-0.08891846,3.562308e+13,0.00192157,1661.733,98.096,4.522994e+12,5.502280e+03,3.730508e+23,30.816,21.133,4.242,963.987610
2011.04.22_22:24:00_TAI,264.6,3.271784e+22,37.673,82.687,86.373,39.830,-0.09612577,3.479714e+13,0.00198951,1616.004,101.153,3.981552e+12,5.499899e+03,3.713702e+23,30.801,21.088,4.040,954.160095
2011.04.22_22:36:00_TAI,264.8,3.263197e+22,37.540,82.669,86.332,39.550,-0.07337715,3.390384e+13,0.00243272,1605.738,122.577,5.155745e+12,5.493150e+03,3.675879e+23,30.611,20.866,3.984,943.690369
2011.04.22_22:48:00_TAI,265.0,3.264684e+22,37.513,82.004,85.776,39.460,-0.11123322,3.399349e+13,0.00203887,1608.032,102.606,4.056946e+12,5.463924e+03,3.651968e+23,30.664,20.921,4.091,932.496338
2011.04.22_23:00:00_TAI,265.2,3.255999e+22,37.441,81.758,85.538,39.371,-0.12470931,3.351848e+13,0.00206923,1583.550,104.047,5.361476e+12,5.466928e+03,3.650780e+23,30.576,20.748,4.112,936.529846
2011.04.22_23:12:00_TAI,265.4,3.249162e+22,37.187,81.888,85.608,39.598,-0.08377917,3.402095e+13,0.00184953,1603.416,92.617,3.248849e+12,5.466585e+03,3.635670e+23,30.429,20.410,4.066,936.672852
2011.04.22_23:24:00_TAI,265.6,3.236257e+22,37.358,81.159,85.118,39.573,-0.08913646,3.398024e+13,0.00173028,1597.428,86.151,2.358939e+12,5.497880e+03,3.635601e+23,30.726,20.848,4.115,932.065186
2011.04.22_23:36:00_TAI,265.8,3.244527e+22,37.208,81.279,84.827,39.377,-0.07543817,3.343954e+13,0.00163147,1585.495,81.352,3.137801e+12,5.460270e+03,3.616024e+23,30.460,20.487,4.050,926.826294
2011.04.22_23:48:00_TAI,266.0,3.237412e+22,37.161,81.268,84.911,39.743,-0.13853206,3.354608e+13,0.00160381,1591.704,79.873,3.667199e+12,5.477222e+03,3.622740e+23,30.363,20.229,4.019,929.378052
2011.04.23_00:00:00_TAI,266.2,3.241496e+22,37.343,81.499,84.911,39.425,-0.07595612,3.325635e+13,0.00158322,1568.779,79.261,3.217285e+12,5.412884e+03,3.598804e+23,30.517,20.452,3.885,921.860535
2011.04.23_00:12:00_TAI,266.4,3.245080e+22,37.381,80.669,84.105,39.215,-0.08646722,3.314964e+13,0.00146104,1563.966,73.414,3.371930e+12,5.410645e+03,3.610753e+23,30.604,20.631,3.976,927.352051
2011.04.23_00:24:00_TAI,266.6,3.266795e+22,37.322,80.388,83.819,39.378,-0.08482827,3.382379e+13,0.00171435,1587.055,86.978,3.809533e+12,5.360596e+03,3.611879e+23,30.589,20.497,4.001,925.633911
2011.04.23_00:36:00_TAI,266.8,3.261253e+22,37.476,79.665,83.286,39.016,-0.10403492,3.339005e+13,0.00166791,1557.688,84.987,3.220130e+12,5.359870e+03,3.627193e+23,30.850,20.731,3.994,924.894836
2011.04.23_00:48:00_TAI,267.0,3.277821e+22,37.116,79.624,83.220,39.179,-0.03054930,3.328923e+13,0.00174817,1564.627,89.309,3.213997e+12,5.277651e+03,3.580665e+23,30.364,19.962,3.958,915.807861
2011.04.23_01:00:00_TAI,267.2,3.264918e+22,36.910,80.724,84.256,39.441,-0.07663137,3.328183e+13,0.00209061,1583.932,104.938,4.139461e+12,5.380580e+03,3.586973e+23,30.214,19.513,3.994,920.654785
2011.04.23_01:12:00_TAI,267.4,3.250840e+22,37.352,80.626,84.571,39.416,-0.06743114,3.347323e+13,0.00206780,1582.675,104.118,3.833323e+12,5.398455e+03,3.610002e+23,30.737,20.539,4.048,917.064636
2011.04.23_01:24:00_TAI,267.6,3.248697e+22,37.423,80.884,84.620,39.411,-0.06405114,3.298020e+13,0.00221066,1569.628,110.520,4.477873e+12,5.443404e+03,3.614107e+23,30.652,20.472,4.062,908.949158
2011.04.23_01:36:00_TAI,267.8,3.291721e+22,37.435,80.817,84.590,39.337,-0.06952724,3.426639e+13,0.00222845,1607.063,114.081,4.696351e+12,5.309161e+03,3.609517e+23,30.735,20.460,4.022,909.109741
2011.04.23_01:48:00_TAI,268.0,3.308813e+22,37.385,80.689,84.402,39.007,-0.03981570,3.370405e+13,0.00216754,1604.652,111.136,4.040348e+12,5.296623e+03,3.606690e+23,30.770,20.671,4.057,899.976990
2011.04.23_02:00:00_TAI,268.2,3.294145e+22,37.446,81.489,85.569,39.266,-0.04646714,3.362134e+13,0.00260036,1597.649,131.976,6.835179e+12,5.365859e+03,3.616923e+23,30.629,20.622,4.096,902.560730
2011.04.23_02:12:00_TAI,268.4,3.323107e+22,37.440,81.407,85.456,39.282,-0.13206966,3.372688e+13,0.00230499,1610.539,118.103,5.918291e+12,5.355442e+03,3.644466e+23,30.656,20.637,4.056,901.897339
2011.04.23_02:24:00_TAI,268.6,3.339639e+22,37.510,81.828,85.996,39.686,-0.12815295,3.413448e+13,0.00192804,1627.341,99.221,4.311711e+12,5.355058e+03,3.659922e+23,30.665,20.623,4.167,901.413208
2011.04.23_02:36:00_TAI,268.8,3.351127e+22,37.566,81.733,85.518,39.590,-0.06188893,3.419774e+13,0.00173212,1625.770,89.476,3.154888e+12,5.325706e+03,3.653583e+23,30.700,20.280,4.069,896.636230
2011.04.23_02:48:00_TAI,269.0,3.370098e+22,37.330,82.206,86.092,39.775,-0.08583504,3.511076e+13,0.00194013,1663.649,100.388,3.517192e+12,5.295516e+03,3.639131e+23,30.553,20.009,4.015,891.816040
2011.04.23_03:00:00_TAI,269.2,3.401484e+22,37.551,82.144,85.850,39.640,-0.13372113,3.523057e+13,0.00161116,1684.934,84.354,3.917969e+12,5.260029e+03,3.657496e+23,30.777,20.295,3.914,895.581726
2011.04.23_03:12:00_TAI,269.4,3.400968e+22,37.753,82.789,86.640,40.029,-0.09118944,3.585427e+13,0.00049053,1674.361,25.619,2.532695e+12,5.334411e+03,3.700006e+23,31.133,20.983,3.903,898.992615
2011.04.23_03:24:00_TAI,269.6,3.406066e+22,37.605,83.567,87.412,40.371,-0.15686858,3.645863e+13,0.00065616,1698.924,34.152,4.342035e+12,5.373980e+03,3.714677e+23,31.216,20.729,3.900,901.588013
2011.04.23_03:36:00_TAI,269.8,3.413757e+22,37.961,84.069,87.841,40.906,-0.12810522,3.695198e+13,0.00031190,1698.427,16.361,3.573960e+12,5.424163e+03,3.778972e+23,31.505,21.130,3.846,893.468323
2011.04.23_03:48:00_TAI,270.0,3.395225e+22,37.677,85.649,89.487,41.856,-0.18776281,3.698333e+13,0.00012036,1733.071,6.138,5.092743e+12,5.591738e+03,3.787372e+23,31.279,20.866,4.007,893.950317
2011.04.23_04:00:00_TAI,270.2,3.387475e+22,37.545,86.868,90.948,42.241,-0.25340766,3.737520e+13,-0.00008285,1754.514,4.171,6.784302e+12,5.671188e+03,3.791401e+23,31.350,20.628,4.151,897.824524
2011.04.23_04:12:00_TAI,270.4,3.368925e+22,37.827,87.308,91.349,42.740,-0.20720726,3.738704e+13,-0.00023635,1761.603,11.771,5.488890e+12,5.746214e+03,3.800962e+23,31.521,20.820,4.176,893.336304
2011.04.23_04:24:00_TAI,270.6,3.340325e+22,37.696,87.979,91.830,43.195,-0.19782721,3.745481e+13,-0.00059175,1800.342,28.817,5.123821e+12,5.837696e+03,3.775496e+23,31.415,20.532,4.048,891.360046
2011.04.23_04:36:00_TAI,270.8,3.331452e+22,37.448,88.336,92.336,43.409,-0.22895668,3.696627e+13,-0.00083703,1792.825,40.185,5.846528e+12,5.912318e+03,3.769816e+23,31.241,20.141,4.134,893.009705
2011.04.23_04:48:00_TAI,271.0,3.302631e+22,37.475,88.940,92.826,43.542,-0.17585981,3.567297e+13,-0.00050296,1759.677,23.696,4.406840e+12,6.011518e+03,3.761455e+23,31.498,20.821,4.041,905.006592
2011.04.23_05:00:00_TAI,271.2,3.266452e+22,37.376,89.333,93.499,43.281,-0.21127117,3.445455e+13,0.00001450,1721.833,0.669,5.184382e+12,6.081149e+03,3.726041e+23,31.412,20.940,4.079,895.068787
2011.04.23_05:12:00_TAI,271.4,3.261860e+22,36.947,89.547,93.799,43.414,-0.25323844,3.468771e+13,0.00034474,1744.990,15.777,6.164457e+12,6.050478e+03,3.677517e+23,30.764,19.658,4.096,894.431091
2011.04.23_05:24:00_TAI,271.6,3.245323e+22,37.325,88.603,92.891,42.615,-0.22140309,3.360249e+13,0.00037038,1701.927,16.961,5.393096e+12,6.041032e+03,3.674183e+23,31.002,20.231,4.022,892.568970
2011.04.23_05:36:00_TAI,271.8,3.252990e+22,37.661,87.025,91.011,41.768,-0.15460354,3.306758e+13,0.00074197,1680.166,34.533,3.827325e+12,5.929439e+03,3.665055e+23,31.078,20.499,4.122,879.883362
2011.04.23_05:48:00_TAI,272.0,3.222939e+22,37.661,86.576,90.702,41.503,-0.18515830,3.226234e+13,0.00062739,1634.620,29.005,4.553336e+12,5.923841e+03,3.637285e+23,31.013,20.210,4.246,887.448608
2011.04.23_06:24:00_TAI,272.6,3.219547e+22,37.618,83.852,87.812,40.391,-0.14627200,3.145489e+13,0.00092994,1598.212,43.700,3.656171e+12,5.750604e+03,3.588881e+23,30.867,20.429,4.110,881.194946
2011.04.23_06:36:00_TAI,272.8,3.195634e+22,38.078,82.806,86.912,40.249,-0.12870896,3.185154e+13,0.00121498,1589.109,57.447,3.237101e+12,5.719106e+03,3.591326e+23,31.259,20.906,4.070,874.091858
2011.04.23_06:48:00_TAI,273.0,3.235103e+22,38.338,81.720,86.216,39.887,-0.11169013,3.264249e+13,0.00094034,1613.024,45.819,2.894799e+12,5.596744e+03,3.621744e+23,31.579,21.136,4.100,873.425049
2011.04.23_07:00:00_TAI,273.2,3.230937e+22,38.232,81.604,86.101,40.017,-0.10922912,3.232404e+13,0.00092051,1602.336,44.468,2.806669e+12,5.651989e+03,3.626043e+23,31.568,20.972,4.128,880.510559
2011.04.23_07:12:00_TAI,273.4,3.229570e+22,38.100,81.602,85.998,39.916,-0.12400281,3.200052e+13,0.00081532,1589.620,39.161,3.168074e+12,5.693104e+03,3.631552e+23,31.364,20.824,4.140,863.974976
2011.04.23_07:24:00_TAI,273.6,3.238821e+22,38.304,81.377,85.561,39.447,-0.06439850,3.158814e+13,0.00105445,1573.570,50.931,1.654659e+12,5.667735e+03,3.635994e+23,31.644,21.246,4.197,862.801636
2011.04.23_07:36:00_TAI,273.8,3.236928e+22,38.027,82.060,86.353,39.970,-0.12937808,3.215982e+13,0.00098651,1607.903,47.208,3.293199e+12,5.688256e+03,3.615090e+23,31.382,20.614,4.230,854.301392
2011.04.23_07:48:00_TAI,274.0,3.234828e+22,38.179,82.121,86.176,39.896,-0.10860835,3.240875e+13,0.00083926,1612.824,40.041,2.756248e+12,5.734229e+03,3.633417e+23,31.615,21.196,4.185,846.963684
2011.04.23_08:00:00_TAI,274.2,3.237742e+22,37.999,82.352,86.436,40.319,-0.13677777,3.241800e+13,0.00097477,1618.524,46.364,3.460556e+12,5.745590e+03,3.629552e+23,31.526,20.788,4.118,848.349976
2011.04.23_08:12:00_TAI,274.4,3.217401e+22,37.855,83.334,87.480,40.527,-0.15623705,3.176918e+13,0.00064484,1604.077,30.085,3.876984e+12,5.832049e+03,3.613456e+23,31.408,20.459,4.127,848.465393
2011.04.23_08:24:00_TAI,274.6,3.178834e+22,37.865,83.800,87.801,40.777,-0.20670310,3.129503e+13,0.00052550,1594.274,23.994,5.020174e+12,5.946369e+03,3.605947e+23,31.591,20.956,4.207,854.824036
2011.04.23_08:36:00_TAI,274.8,3.153801e+22,37.711,84.214,88.206,41.538,-0.16578881,3.183435e+13,0.00016611,1609.753,7.486,3.974073e+12,6.006455e+03,3.595002e+23,31.475,20.545,4.260,859.962402
2011.04.23_08:48:00_TAI,275.0,3.106576e+22,37.579,84.995,89.386,41.435,-0.19874068,3.102210e+13,0.00000147,1583.010,0.065,4.645720e+12,6.064276e+03,3.539570e+23,31.462,20.712,4.221,857.029480
2011.04.23_09:00:00_TAI,275.2,3.048908e+22,37.559,85.919,90.174,41.882,-0.21989352,2.992488e+13,-0.00004153,1553.976,1.768,4.979774e+12,6.222120e+03,3.518410e+23,31.372,20.583,4.224,849.564514
2011.04.23_09:12:00_TAI,275.4,3.012931e+22,37.860,85.366,89.727,41.698,-0.24410893,2.991045e+13,0.00004920,1558.667,2.075,5.475766e+12,6.273048e+03,3.513635e+23,31.579,20.957,4.233,856.439331
2011.04.23_09:24:00_TAI,275.6,2.968227e+22,37.972,85.931,90.444,41.860,-0.22058330,2.969584e+13,0.00044484,1550.182,18.380,4.847434e+12,6.344078e+03,3.481216e+23,31.870,21.583,4.176,850.964355
2011.04.23_09:36:00_TAI,275.8,2.957060e+22,37.549,86.278,90.078,41.868,-0.18939692,2.912051e+13,0.00021200,1535.443,8.686,4.126977e+12,6.334073e+03,3.446452e+23,31.535,21.132,4.204,850.573425
2011.04.23_09:48:00_TAI,276.0,2.949264e+22,37.651,85.915,89.823,41.848,-0.22524305,2.911574e+13,-0.00011953,1531.449,4.900,4.910500e+12,6.301291e+03,3.430371e+23,31.520,21.089,4.212,847.560852
2011.04.23_10:00:00_TAI,276.2,2.928821e+22,37.736,85.847,89.709,42.039,-0.19589889,2.871208e+13,-0.00004189,1499.370,1.706,4.242674e+12,6.323202e+03,3.419711e+23,31.596,21.403,4.231,841.874878
2011.04.23_10:12:00_TAI,276.4,2.913908e+22,37.495,85.636,89.385,42.029,-0.19563673,2.815284e+13,0.00000908,1472.818,0.367,4.203624e+12,6.316385e+03,3.389182e+23,31.416,20.912,4.197,834.102173
2011.04.23_10:24:00_TAI,276.6,2.908908e+22,37.473,86.112,89.792,41.795,-0.13349053,2.783076e+13,0.00027731,1462.079,11.199,2.867035e+12,6.298228e+03,3.378016e+23,31.328,20.921,4.179,825.555542
2011.04.23_10:36:00_TAI,276.8,2.897416e+22,37.487,85.924,89.427,41.836,-0.21376100,2.755180e+13,0.00074681,1455.380,30.124,4.585493e+12,6.247429e+03,3.346789e+23,31.349,20.881,4.056,833.971191
2011.04.23_10:48:00_TAI,277.0,2.883294e+22,37.488,85.385,89.212,41.665,-0.22948445,2.748860e+13,0.00060129,1446.738,24.145,4.900596e+12,6.233848e+03,3.324528e+23,31.207,20.542,4.173,831.255310
2011.04.23_11:00:00_TAI,277.2,2.896986e+22,37.242,85.311,89.115,41.753,-0.17216289,2.769446e+13,0.00074204,1452.571,30.041,3.706459e+12,6.134968e+03,3.298520e+23,30.823,20.059,4.228,831.838928
2011.04.23_11:12:00_TAI,277.4,2.902854e+22,37.574,84.976,89.083,41.454,-0.21325168,2.813250e+13,0.00107771,1473.095,44.199,4.650716e+12,6.096622e+03,3.320572e+23,31.221,20.882,4.276,829.497253
2011.04.23_11:24:00_TAI,277.6,2.890729e+22,37.431,85.191,89.111,41.676,-0.13227603,2.806639e+13,0.00068865,1464.514,28.038,2.863871e+12,6.122632e+03,3.310670e+23,31.204,20.822,4.247,832.717773
2011.04.23_11:36:00_TAI,277.8,2.876443e+22,37.547,85.363,89.375,41.638,-0.18165170,2.773894e+13,0.00058871,1454.927,23.828,3.909622e+12,6.124199e+03,3.291998e+23,31.197,20.654,4.228,833.160950
2011.04.23_11:48:00_TAI,278.0,2.882129e+22,37.547,84.204,88.369,40.967,-0.11146849,2.771997e+13,0.00105277,1454.354,42.936,2.417356e+12,6.066763e+03,3.286019e+23,31.151,20.814,4.217,823.276062
2011.04.23_12:00:00_TAI,278.2,2.892906e+22,37.710,83.561,87.615,41.067,-0.12659471,2.809833e+13,0.00102152,1458.684,42.161,2.778178e+12,6.026061e+03,3.303028e+23,31.320,20.970,4.215,828.207886
2011.04.23_12:12:00_TAI,278.4,2.878469e+22,38.018,82.907,87.310,40.833,-0.15193792,2.818134e+13,0.00106533,1458.858,43.911,3.329910e+12,6.018267e+03,3.294438e+23,31.576,21.281,4.206,818.329773
2011.04.23_12:24:00_TAI,278.6,2.879035e+22,37.929,83.212,87.429,40.832,-0.17246397,2.806502e+13,0.00154853,1454.901,63.668,3.770236e+12,5.986347e+03,3.268777e+23,31.487,21.405,4.105,820.397034
2011.04.23_12:36:00_TAI,278.8,2.872468e+22,37.720,83.736,87.621,40.899,-0.12240004,2.797313e+13,0.00133593,1456.417,54.693,2.664276e+12,5.999463e+03,3.261917e+23,31.468,21.216,4.070,795.202087
2011.04.23_12:48:00_TAI,279.0,2.874545e+22,37.379,83.539,87.327,40.705,-0.14773731,2.734788e+13,0.00104388,1439.512,42.415,3.191684e+12,6.015089e+03,3.245967e+23,31.239,20.862,4.159,782.296021
2011.04.23_13:00:00_TAI,279.2,2.839756e+22,37.608,83.900,87.989,40.864,-0.12383805,2.735891e+13,0.00105299,1414.187,42.263,2.642590e+12,6.096230e+03,3.249517e+23,31.609,21.322,4.126,772.659241
2011.04.23_13:12:00_TAI,279.4,2.854253e+22,37.251,83.898,87.777,40.755,-0.20322239,2.747830e+13,0.00102422,1431.432,41.031,4.328275e+12,6.094533e+03,3.242462e+23,31.381,20.956,4.189,772.889465
2011.04.23_13:24:00_TAI,279.6,2.856858e+22,37.082,84.053,88.077,40.351,-0.19040829,2.694386e+13,0.00058041,1417.771,23.143,4.036442e+12,6.075834e+03,3.217505e+23,31.086,20.855,4.152,770.364319
2011.04.23_13:36:00_TAI,279.8,2.854347e+22,37.048,83.828,87.542,40.259,-0.24534816,2.696739e+13,0.00021010,1419.060,8.346,5.181566e+12,6.052014e+03,3.192916e+23,30.931,20.556,4.019,768.849365
2011.04.23_13:48:00_TAI,280.0,2.851030e+22,37.156,83.543,87.112,40.171,-0.13018619,2.690349e+13,0.00000526,1411.743,0.209,3.101835e+12,6.054356e+03,3.197528e+23,31.026,20.738,4.103,762.677124
2011.04.23_14:00:00_TAI,280.2,2.857133e+22,37.339,83.078,86.746,40.467,-0.13410673,2.718506e+13,0.00033553,1411.810,13.429,2.853435e+12,6.054354e+03,3.218191e+23,31.149,20.832,4.180,771.365662
2011.04.23_14:12:00_TAI,280.4,2.852189e+22,36.950,83.363,87.113,40.655,-0.11790754,2.620291e+13,0.00024140,1385.607,9.556,2.481258e+12,6.095153e+03,3.204422e+23,30.946,20.057,4.095,759.169128
2011.04.23_14:24:00_TAI,280.6,2.856130e+22,37.090,82.996,86.764,40.534,-0.14011791,2.678417e+13,0.00034542,1412.912,13.719,2.958657e+12,6.115686e+03,3.226182e+23,31.060,20.125,4.129,758.087219
2011.04.23_14:36:00_TAI,280.8,2.878985e+22,36.989,82.380,86.064,39.969,-0.09208947,2.706084e+13,-0.00011504,1426.867,4.604,3.109719e+12,6.098412e+03,3.241610e+23,30.933,19.828,4.143,752.864807
2011.04.23_14:48:00_TAI,281.0,2.895867e+22,37.017,82.510,86.284,40.389,-0.16975278,2.744677e+13,0.00001940,1449.064,0.783,3.644836e+12,6.093439e+03,3.268746e+23,31.039,19.724,4.123,744.327759
2011.04.23_15:00:00_TAI,281.2,2.911763e+22,36.756,82.235,86.088,40.118,-0.13234010,2.707616e+13,0.00027129,1425.484,10.973,2.845287e+12,6.062047e+03,3.256253e+23,30.872,19.428,4.096,740.488892
2011.04.23_15:12:00_TAI,281.4,2.945418e+22,36.727,81.180,84.563,39.756,-0.19555503,2.727711e+13,0.00048104,1444.603,19.776,4.273769e+12,5.997179e+03,3.274612e+23,30.833,19.265,4.119,739.554443
2011.04.23_15:24:00_TAI,281.6,2.969133e+22,36.832,80.562,84.771,39.462,-0.17472166,2.792833e+13,0.00025210,1451.308,10.531,3.879521e+12,5.940739e+03,3.295709e+23,31.082,19.419,4.032,740.914185
2011.04.23_15:36:00_TAI,281.8,2.992684e+22,36.918,80.037,83.735,39.295,-0.15628925,2.795217e+13,0.00020786,1454.663,8.806,3.519632e+12,5.860319e+03,3.297401e+23,30.895,19.309,4.088,733.260864
2011.04.23_15:48:00_TAI,282.0,3.008124e+22,36.919,78.713,82.871,38.521,-0.13790596,2.760072e+13,0.00065706,1431.258,28.164,3.141961e+12,5.788293e+03,3.295003e+23,30.720,19.158,4.151,728.104797
2011.04.23_16:00:00_TAI,282.2,3.031021e+22,37.038,77.536,81.757,38.111,-0.14526427,2.814645e+13,0.00057300,1436.468,25.122,3.385240e+12,5.615102e+03,3.269493e+23,30.790,19.355,4.054,719.463684
2011.04.23_16:12:00_TAI,282.4,3.014035e+22,37.188,76.773,80.931,38.064,-0.12767406,2.723808e+13,0.00060723,1394.062,26.574,2.969793e+12,5.628736e+03,3.271376e+23,30.891,19.553,4.102,718.304932
2011.04.23_16:24:00_TAI,282.6,3.050504e+22,37.408,76.075,80.380,38.108,-0.08878350,2.860496e+13,0.00049966,1431.944,22.508,2.125744e+12,5.537312e+03,3.312664e+23,31.070,19.513,4.207,725.017395
2011.04.23_16:36:00_TAI,282.8,3.038517e+22,37.556,76.348,80.459,38.049,-0.16949254,2.828526e+13,0.00071299,1428.993,31.973,4.040025e+12,5.594891e+03,3.332176e+23,31.209,19.937,4.109,741.198669
2011.04.23_16:48:00_TAI,283.0,3.048814e+22,37.268,76.016,80.019,37.840,-0.11975037,2.798705e+13,0.00064794,1427.487,29.131,2.861673e+12,5.489974e+03,3.278075e+23,30.593,18.936,4.054,737.301758
2011.04.23_17:00:00_TAI,283.2,3.035213e+22,37.205,75.750,80.044,37.775,-0.10599367,2.732041e+13,0.00073651,1396.150,32.916,2.517990e+12,5.475822e+03,3.250353e+23,30.368,18.814,4.084,731.372742
2011.04.23_17:12:00_TAI,283.4,3.024802e+22,37.078,75.772,80.409,37.984,-0.13930595,2.728172e+13,0.00049619,1403.702,22.076,3.294243e+12,5.475817e+03,3.235515e+23,30.190,18.637,4.102,726.672424
2011.04.23_17:24:00_TAI,283.6,3.030850e+22,37.066,75.242,79.589,37.800,-0.14071119,2.732946e+13,0.00026891,1404.075,12.031,3.346016e+12,5.459749e+03,3.244003e+23,30.240,18.909,4.079,720.409424
2011.04.23_17:36:00_TAI,283.8,3.034479e+22,37.041,75.864,80.199,37.950,-0.12841839,2.734189e+13,0.00014914,1407.740,6.641,3.039299e+12,5.506413e+03,3.256299e+23,30.165,18.617,4.055,725.735168
2011.04.23_17:48:00_TAI,284.0,3.006817e+22,37.250,76.496,80.770,38.066,-0.16835630,2.693322e+13,0.00002104,1387.486,0.923,3.926446e+12,5.579258e+03,3.251289e+23,30.443,18.913,3.935,710.283447
2011.04.23_18:24:00_TAI,284.6,2.998099e+22,37.145,78.161,82.685,38.727,-0.10880136,2.700986e+13,0.00029814,1417.196,12.772,2.477437e+12,5.677118e+03,3.229982e+23,30.245,18.571,3.887,706.839172
2011.04.23_18:36:00_TAI,284.8,2.976535e+22,37.295,79.222,83.149,39.082,-0.15710405,2.707067e+13,0.00014141,1422.449,5.950,3.513447e+12,5.785400e+03,3.232813e+23,30.483,19.099,3.896,710.658752
2011.04.23_18:48:00_TAI,285.0,2.985354e+22,37.420,80.109,84.300,39.509,-0.13351557,2.760380e+13,-0.00002854,1453.950,1.201,2.985587e+12,5.843581e+03,3.264935e+23,30.712,19.263,3.781,715.306946
2011.04.23_19:00:00_TAI,285.2,2.993076e+22,37.386,80.035,84.220,39.364,-0.22668330,2.773273e+13,0.00002043,1460.824,0.859,5.063087e+12,5.846460e+03,3.262739e+23,30.692,19.173,3.943,712.070496
2011.04.23_19:12:00_TAI,285.4,3.031695e+22,37.419,79.978,84.245,39.638,-0.18438533,2.859166e+13,-0.00018468,1497.029,7.888,4.186400e+12,5.828198e+03,3.306263e+23,30.861,19.236,3.833,718.459473
2011.04.23_19:24:00_TAI,285.6,3.017371e+22,37.696,80.028,84.250,39.720,-0.22664855,2.812994e+13,-0.00036842,1480.519,15.582,5.095436e+12,5.899138e+03,3.313603e+23,30.997,19.836,3.573,713.758057
2011.04.23_19:36:00_TAI,285.8,3.061332e+22,37.828,79.483,84.109,39.753,-0.20023674,2.931389e+13,-0.00048953,1502.634,21.196,4.608787e+12,5.804664e+03,3.338087e+23,31.227,19.969,3.759,714.523438
2011.04.23_19:48:00_TAI,286.0,3.074274e+22,37.798,79.009,84.133,39.621,-0.20112553,2.936332e+13,-0.00066371,1492.399,29.149,4.695274e+12,5.688388e+03,3.317831e+23,31.247,20.162,3.816,714.763184
2011.04.23_20:00:00_TAI,286.2,3.087427e+22,37.954,77.994,82.446,39.120,-0.12848793,2.904004e+13,-0.00063714,1475.099,28.377,4.272437e+12,5.602789e+03,3.314036e+23,31.368,20.405,3.751,719.346558
2011.04.23_20:12:00_TAI,286.4,3.108061e+22,38.202,76.939,81.333,39.011,-0.19927503,2.970199e+13,-0.00062595,1495.880,28.490,4.821502e+12,5.481965e+03,3.313771e+23,31.371,20.313,3.716,709.499695
2011.04.23_20:24:00_TAI,286.6,3.123337e+22,37.978,76.243,80.820,38.725,-0.18739696,2.982669e+13,-0.00071063,1497.527,32.774,5.696693e+12,5.395425e+03,3.304738e+23,31.128,19.735,3.712,707.575134
2011.04.23_20:36:00_TAI,286.8,3.106612e+22,38.112,74.779,79.323,37.985,-0.17492893,2.913610e+13,-0.00033950,1468.918,15.641,4.375029e+12,5.401680e+03,3.305197e+23,31.139,20.007,3.651,713.265259
2011.04.23_20:48:00_TAI,287.0,3.109147e+22,38.119,73.324,77.820,37.636,-0.16708209,2.904352e+13,-0.00018355,1459.715,8.542,4.133600e+12,5.263990e+03,3.253454e+23,31.026,19.854,3.762,701.103699
2011.04.23_21:00:00_TAI,287.2,3.102603e+22,38.118,72.335,76.701,37.040,-0.12273253,2.871668e+13,0.00022675,1446.294,10.591,3.047683e+12,5.143590e+03,3.190789e+23,30.872,19.807,3.719,697.420898
2011.04.23_21:12:00_TAI,287.4,3.082534e+22,38.305,71.920,76.232,37.065,-0.07985554,2.827598e+13,0.00003957,1428.106,1.842,3.155552e+12,5.125833e+03,3.169087e+23,30.795,19.554,3.606,693.650940
2011.04.23_21:24:00_TAI,287.6,3.066090e+22,38.387,71.965,76.873,37.790,-0.12526125,2.874433e+13,0.00044941,1444.616,20.873,3.093042e+12,5.255494e+03,3.241782e+23,30.846,19.954,3.808,695.407043
2011.04.23_21:36:00_TAI,287.8,3.042248e+22,38.290,71.242,76.073,37.565,-0.14411230,2.811703e+13,0.00062365,1413.628,28.617,3.515863e+12,5.272373e+03,3.213123e+23,30.900,19.826,3.739,696.063110
2011.04.23_21:48:00_TAI,288.0,3.028471e+22,38.582,71.341,76.332,38.179,-0.14776234,2.829797e+13,0.00051610,1417.755,23.675,3.603746e+12,5.283246e+03,3.218626e+23,31.028,20.171,3.854,704.542297
2011.04.23_22:00:00_TAI,288.2,3.019253e+22,38.230,70.574,75.344,37.361,-0.16230163,2.728660e+13,-0.00032514,1393.606,14.756,4.231089e+12,5.219315e+03,3.145923e+23,30.613,19.669,3.662,703.747253
2011.04.23_22:12:00_TAI,288.4,3.001825e+22,38.379,70.574,75.581,37.575,-0.20088874,2.705687e+13,-0.00048827,1383.850,22.050,5.431118e+12,5.217923e+03,3.129354e+23,30.889,20.222,3.740,702.242249
2011.04.23_22:24:00_TAI,288.6,2.991909e+22,38.674,70.140,75.413,37.431,-0.16751187,2.702990e+13,-0.00036324,1372.223,16.405,4.095873e+12,5.257118e+03,3.153208e+23,31.292,20.550,3.757,698.467102
2011.04.23_22:36:00_TAI,288.8,2.977620e+22,38.557,70.935,76.361,37.864,-0.18729369,2.726098e+13,-0.00055451,1394.382,24.728,4.441102e+12,5.316945e+03,3.148915e+23,31.114,20.451,3.632,702.821106
2011.04.23_22:48:00_TAI,289.0,2.968992e+22,38.538,71.099,76.257,38.004,-0.17057933,2.697902e+13,-0.00047716,1381.432,21.072,4.005796e+12,5.403349e+03,3.169158e+23,31.199,20.329,3.524,707.703979
2011.04.23_23:00:00_TAI,289.2,2.966277e+22,38.878,70.585,76.047,37.626,-0.17080131,2.694647e+13,-0.00044715,1374.989,19.850,4.031928e+12,5.422211e+03,3.196713e+23,31.534,20.857,3.737,707.548950
2011.04.23_23:12:00_TAI,289.4,2.970184e+22,38.644,71.456,77.392,37.960,-0.12067134,2.726297e+13,0.00048172,1384.675,21.345,2.843386e+12,5.444627e+03,3.203998e+23,31.340,20.187,3.790,705.849976
2011.04.23_23:24:00_TAI,289.6,2.971558e+22,38.820,71.751,78.136,38.752,-0.14013448,2.867303e+13,0.00048465,1432.828,21.495,3.305079e+12,5.482048e+03,3.228932e+23,31.367,20.469,3.855,709.017822
2011.04.23_23:36:00_TAI,289.8,2.937742e+22,38.960,72.112,78.873,38.767,-0.11819571,2.767231e+13,0.00065541,1400.284,28.656,2.748390e+12,5.553244e+03,3.224699e+23,31.461,20.499,3.900,707.806335
2011.04.23_23:48:00_TAI,290.0,2.939483e+22,38.863,72.371,78.842,38.951,-0.10187784,2.758651e+13,0.00046681,1383.980,20.427,2.371030e+12,5.537572e+03,3.218319e+23,31.592,20.484,3.913,719.583191
2011.04.24_00:00:00_TAI,290.2,2.926636e+22,39.049,72.349,78.541,39.177,-0.08162896,2.796860e+13,0.00014508,1412.438,6.332,3.196682e+12,5.597296e+03,3.244333e+23,31.772,20.882,3.861,715.075134
2011.04.24_00:12:00_TAI,290.4,2.933171e+22,38.901,72.875,79.451,39.275,-0.08708511,2.807213e+13,0.00002943,1422.029,1.286,3.490186e+12,5.533953e+03,3.211440e+23,31.710,20.956,3.845,708.807068
2011.04.24_00:24:00_TAI,290.6,2.917913e+22,38.968,72.840,79.447,39.025,-0.06615575,2.741512e+13,-0.00016535,1414.047,7.121,4.605919e+12,5.607240e+03,3.206905e+23,31.860,20.868,3.912,712.138916
2011.04.24_00:36:00_TAI,290.8,2.923155e+22,38.746,72.735,79.418,38.919,-0.16655761,2.738387e+13,0.00026912,1417.784,11.577,3.810914e+12,5.662131e+03,3.234765e+23,31.666,20.457,3.861,722.363098
2011.04.24_00:48:00_TAI,291.0,2.911520e+22,39.199,72.080,78.909,38.512,-0.09121799,2.731657e+13,0.00018016,1407.815,7.760,2.903329e+12,5.640997e+03,3.226962e+23,32.138,21.551,3.846,699.767822
2011.04.24_01:00:00_TAI,291.2,2.914799e+22,39.409,71.747,78.480,38.569,-0.15947792,2.713265e+13,0.00012784,1407.962,5.519,3.661962e+12,5.660683e+03,3.245289e+23,32.139,21.309,3.835,699.791443
2011.04.24_01:12:00_TAI,291.4,2.917624e+22,39.457,71.622,78.382,38.801,-0.11475100,2.721746e+13,0.00026199,1412.611,11.338,2.641546e+12,5.659403e+03,3.252598e+23,32.097,21.199,3.813,697.015503
2011.04.24_01:24:00_TAI,291.6,2.900576e+22,39.267,71.309,78.183,38.748,-0.12440541,2.675054e+13,0.00016745,1369.252,7.185,2.839918e+12,5.648644e+03,3.219258e+23,32.245,21.662,3.720,695.466309
2011.04.24_01:36:00_TAI,291.8,2.907049e+22,39.213,71.070,77.569,38.415,-0.12393162,2.629033e+13,0.00016904,1370.642,7.245,2.825825e+12,5.691657e+03,3.239917e+23,32.300,21.501,3.776,705.301331
2011.04.24_01:48:00_TAI,292.0,2.927147e+22,39.334,70.618,76.783,38.656,-0.07099089,2.679335e+13,-0.00035228,1382.952,15.259,4.605709e+12,5.548415e+03,3.191904e+23,32.314,21.744,3.721,716.943054
2011.04.24_02:00:00_TAI,292.2,2.959428e+22,39.351,70.847,76.993,38.913,-0.08360439,2.704175e+13,0.00003000,1407.832,1.320,3.131668e+12,5.580797e+03,3.260710e+23,32.132,21.566,3.683,715.940735
2011.04.24_02:12:00_TAI,292.4,2.953872e+22,39.349,70.958,77.381,39.093,-0.09589284,2.715837e+13,-0.00011692,1398.415,5.133,3.663414e+12,5.620819e+03,3.277301e+23,32.191,21.711,3.693,700.700195
2011.04.24_02:24:00_TAI,292.6,2.961430e+22,39.376,70.916,77.207,39.114,-0.11730024,2.701849e+13,-0.00056536,1392.887,24.914,4.580008e+12,5.583539e+03,3.267947e+23,32.355,21.851,3.618,704.107056
2011.04.24_02:36:00_TAI,292.8,2.985624e+22,39.040,70.845,76.521,38.731,-0.13678873,2.668757e+13,-0.00083417,1415.865,36.532,6.039476e+12,5.559066e+03,3.233322e+23,31.962,21.301,3.650,707.724609
2011.04.24_02:48:00_TAI,293.0,3.010273e+22,39.110,70.280,75.297,38.105,-0.11692678,2.651569e+13,-0.00104398,1412.767,46.240,6.385676e+12,5.543069e+03,3.260604e+23,31.894,21.216,3.681,708.507141
2011.04.24_03:00:00_TAI,293.2,3.024910e+22,39.263,70.206,75.501,38.536,-0.10945303,2.696586e+13,-0.00086827,1425.516,38.645,5.918562e+12,5.575224e+03,3.295511e+23,32.104,21.252,3.616,708.182617
2011.04.24_03:12:00_TAI,293.4,3.016983e+22,39.604,71.278,77.261,39.231,-0.10990531,2.730471e+13,-0.00061966,1418.988,27.533,5.710314e+12,5.642789e+03,3.329828e+23,32.453,21.756,3.612,711.562012
2011.04.24_03:24:00_TAI,293.6,3.031010e+22,39.634,71.186,77.005,39.160,-0.11247759,2.738133e+13,-0.00086290,1420.475,38.403,5.905653e+12,5.683930e+03,3.359466e+23,32.504,22.193,3.694,714.986694
2011.04.24_03:36:00_TAI,293.8,3.055541e+22,39.455,72.047,77.288,39.621,-0.13892627,2.772193e+13,-0.00116645,1446.294,52.021,7.369903e+12,5.701412e+03,3.377219e+23,32.519,22.122,3.513,708.199646
2011.04.24_03:48:00_TAI,294.0,3.042873e+22,39.621,73.129,78.730,40.083,-0.16540025,2.864017e+13,-0.00121540,1475.445,53.576,5.880225e+12,5.827312e+03,3.411629e+23,32.834,22.516,3.717,710.843384
2011.04.24_04:00:00_TAI,294.2,3.064516e+22,39.928,72.742,78.458,39.521,-0.20500623,2.861822e+13,-0.00141184,1480.776,63.005,7.285987e+12,5.867854e+03,3.477992e+23,33.273,23.329,3.620,716.977234
2011.04.24_04:12:00_TAI,294.4,3.086557e+22,40.230,73.120,79.604,40.437,-0.13100904,3.025784e+13,-0.00120605,1524.683,54.502,6.694884e+12,5.841166e+03,3.505613e+23,33.701,24.014,3.685,724.932678
2011.04.24_04:24:00_TAI,294.6,3.081187e+22,39.986,74.459,80.741,40.622,-0.13214657,2.965784e+13,-0.00208703,1527.900,92.389,8.430976e+12,5.962343e+03,3.505333e+23,33.294,23.344,3.810,723.078979
2011.04.24_04:36:00_TAI,294.8,3.070371e+22,40.194,75.371,81.875,41.314,-0.12936737,2.954932e+13,-0.00195736,1520.225,85.711,6.987538e+12,6.075883e+03,3.533514e+23,33.548,23.541,3.777,722.840210
2011.04.24_04:48:00_TAI,295.0,3.057390e+22,39.923,76.512,82.776,41.348,-0.15863705,2.860009e+13,-0.00207147,1486.773,88.835,7.563362e+12,6.197576e+03,3.529799e+23,33.530,23.558,3.714,724.023621
2011.04.24_05:00:00_TAI,295.2,3.054918e+22,39.924,76.440,82.077,41.558,-0.13875823,2.849651e+13,-0.00185474,1479.560,78.880,6.086035e+12,6.224423e+03,3.515662e+23,33.631,23.642,3.683,712.455078
2011.04.24_05:12:00_TAI,295.4,3.048342e+22,39.871,75.785,81.837,41.045,-0.15260293,2.777791e+13,-0.00203547,1454.986,86.499,8.425881e+12,6.179003e+03,3.487381e+23,33.361,23.178,3.744,707.148621
2011.04.24_05:24:00_TAI,295.6,3.000860e+22,39.859,75.399,81.065,40.551,-0.17057835,2.618956e+13,-0.00219458,1409.813,90.919,8.334560e+12,6.280678e+03,3.455768e+23,33.117,23.024,3.623,702.189209
2011.04.24_05:36:00_TAI,295.8,3.010921e+22,39.723,75.852,81.373,40.627,-0.12231728,2.652285e+13,-0.00198931,1427.805,82.743,8.276150e+12,6.243390e+03,3.448766e+23,33.033,23.217,3.627,707.679626
2011.04.24_05:48:00_TAI,296.0,3.008458e+22,40.070,74.574,80.696,40.279,-0.12858261,2.669604e+13,-0.00193552,1434.056,80.978,8.552002e+12,6.243565e+03,3.469094e+23,33.415,23.345,3.661,719.184204
2011.04.24_06:24:00_TAI,296.6,3.023345e+22,40.416,71.725,78.052,39.382,-0.15681976,2.645745e+13,-0.00184129,1430.393,79.489,9.007572e+12,6.026356e+03,3.455251e+23,33.307,23.725,3.828,708.707092
